<Application>
Name=VersaStudio
Version=2.54.2.0
LoggedIn=Security Disabled
Language [VersaStudio]=English (United States) [en-US]
Language [Region and Language]=English (United States) [en-US]
Language [Windows Operating System]=English (United States) [en-US]
</Application>

<Action0>
Limits2,Value=0
Limits2,Direction=<
Limits2,Limits=None
Limits1,Value=0
Limits1,Direction=<
Limits1,Limits=None
RotationRateConversionFactor=0.00025
Measured Open Circuit=510.666 mV
E2 Cell to Use=External
Remeasure OC Per Action=No
Mass (g)=0
Equivalent Weight (g)=0
Density (g/ml)=0
Working Electrode Area (cm2)=1
RDE Speed (Volts)=0
Working Electrode Type=Unspecified
Reference Electrode=(unspecified) (0 Volts)
Segments=0
Name=Common
Comment=Enter comments about the experiment here.
</Action0>

<Instrument>
Type=VersaSTAT4
Model=-400
SN=9110236
Options=FRA, EIS <Filter:Normal>
Firmware=2.54,2.54,2.54
BoosterDetails=None
</Instrument>

<Experiment>
TimeAcquired=12:00:53 AM
DateAcquired=Thursday, April 10, 1980
SelectionEnd=0
SelectionStart=0
Height=661
Width=712
LocY=0
LocX=0
Show=True
</Experiment>

<DataView>
ShowDCLabels=False
ShowACLabels=False
ShowDataFilter=False
DataReduction=1
ShowEvery=100
Decimate=False
AutomaticDecimation=False
ViewSegments=All Segments
Height=328
Width=728
LocY=0
LocX=0
Show=True
</DataView>

<StripView>
Height=240
Width=344
LocY=0
LocX=0
Show=False
</StripView>

<Overlays>
Height=438
Width=294
LocY=0
LocX=0
Show=True
</Overlays>

<Action1>
Limits2,Value=0
Limits2,Direction=<
Limits2,Limits=None
Limits1,Value=0
Limits1,Direction=<
Limits1,Limits=None
Use Previous=No
User Defined (ohms)=0
Cell to Use=External
Leave Cell ON=No
iR Compensation=Disabled
LCI Bandwidth Limit=Auto
Bandwidth Limit=Auto
I Filter=Auto
E2 Filter=Auto
E Filter=Auto
Electrometer Mode=Auto
VoltageRange=+/-6V
Current Range=Auto
Total Points=4000
Points Per Cycle=2000
Cycles=2
Scan Rate (V/s)=0.005
Not Used2,Versus=vs Ref
Not Used2,Value=0
Vertex 2 Potential (V),Acquire at Hold=Yes
Vertex 2 Potential (V),Vertex Hold=0
Vertex 2 Potential (V),Versus=vs Ref
Vertex 2 Potential (V),Value=-0.75
Vertex 1 Potential (V),Acquire at Hold=Yes
Vertex 1 Potential (V),Vertex Hold=0
Vertex 1 Potential (V),Versus=vs Ref
Vertex 1 Potential (V),Value=0
Not Used1,Versus=vs Ref
Not Used1,Value=0
Segments=2
ParentNode=Common
Name=Cyclic Voltammetry (Multiple Cycles)
</Action1>

<Segment1>
Type=2
Version=3
Definition=Segment #, Point #, E(V), I(A), Elapsed Time(s), ADC Sync Input(V), Current Range, Status, E Applied(V), Frequency(Hz), E Real, E Imag, I Real, I Imag, Z Real, Z Imag, E2 Status, E2(V), E2 Real, E2 Imag, Z2 Real, Z2 Imag, ActionId, AC Amplitude, 0
0,0,0.0134952,-0.07987247,0.150075,-0.0009155413,3,3,0,0,0,0,0,0,0,0,0,0,0,0,0,0,38,0
0,1,0.01196167,-0.07386716,0.30015,-0.0006103609,3,3,-0.0007503752,0,0,0,0,0,0,0,0,0,0,0,0,0,38,0
0,2,0.01012143,-0.06889238,0.450225,-0.0006103609,3,3,-0.00150075,0,0,0,0,0,0,0,0,0,0,0,0,0,38,0
0,3,0.00828119,-0.06459849,0.6003,-0.0006103609,3,3,-0.002251126,0,0,0,0,0,0,0,0,0,0,0,0,0,38,0
0,4,0.007054365,-0.06089962,0.750375,-0.0009155413,3,3,-0.003001501,0,0,0,0,0,0,0,0,0,0,0,0,0,38,0
0,5,0.00582754,-0.05755038,0.90045,-0.0006103609,3,3,-0.003751876,0,0,0,0,0,0,0,0,0,0,0,0,0,38,0
0,6,0.004600714,-0.05463054,1.050525,-0.0009155413,3,3,-0.004502251,0,0,0,0,0,0,0,0,0,0,0,0,0,38,0
0,7,0.003373889,-0.05191312,1.2006,-0.0006103609,3,3,-0.005252627,0,0,0,0,0,0,0,0,0,0,0,0,0,38,0
0,8,0.002147063,-0.04952081,1.350675,-0.0006103609,3,3,-0.006003002,0,0,0,0,0,0,0,0,0,0,0,0,0,38,0
0,9,0.001226944,-0.04722051,1.50075,-0.0006103609,3,3,-0.006753377,0,0,0,0,0,0,0,0,0,0,0,0,0,38,0
0,10,1.190204E-07,-0.04517785,1.650825,-0.0009155413,3,3,-0.007503752,0,0,0,0,0,0,0,0,0,0,0,0,0,38,0
0,11,-0.0006132937,-0.04320266,1.8009,-0.0006103609,3,259,-0.008254128,0,0,0,0,0,0,0,0,0,0,0,0,0,38,0
0,12,-0.001840119,-0.0414483,1.950975,-0.0006103609,3,3,-0.009004503,0,0,0,0,0,0,0,0,0,0,0,0,0,38,0
0,13,-0.002760238,-0.03968167,2.10105,-0.001220722,3,3,-0.009754878,0,0,0,0,0,0,0,0,0,0,0,0,0,38,0
0,14,-0.003987063,-0.03818494,2.251125,-0.0006103609,3,3,-0.01050525,0,0,0,0,0,0,0,0,0,0,0,0,0,38,0
0,15,-0.005213889,-0.03658393,2.4012,-0.0006103609,3,3,-0.01125563,0,0,0,0,0,0,0,0,0,0,0,0,0,38,0
0,16,-0.00674742,-0.03524056,2.551275,-0.0006103609,3,3,-0.012006,0,0,0,0,0,0,0,0,0,0,0,0,0,38,0
0,17,-0.007054127,-0.03382971,2.70135,-0.0009155413,3,3,-0.01275638,0,0,0,0,0,0,0,0,0,0,0,0,0,38,0
0,18,-0.008280952,-0.03262129,2.851425,-0.0006103609,3,3,-0.01350675,0,0,0,0,0,0,0,0,0,0,0,0,0,38,0
0,19,-0.008894365,-0.03136379,3.0015,-0.0006103609,3,3,-0.01425713,0,0,0,0,0,0,0,0,0,0,0,0,0,38,0
0,20,-0.01012119,-0.03030259,3.151575,-0.0009155413,3,3,-0.0150075,0,0,0,0,0,0,0,0,0,0,0,0,0,38,0
0,21,-0.0107346,-0.02916778,3.30165,-0.0009155413,3,3,-0.01575788,0,0,0,0,0,0,0,0,0,0,0,0,0,38,0
0,22,-0.01196143,-0.02821699,3.451725,-0.0003051804,3,3,-0.01650826,0,0,0,0,0,0,0,0,0,0,0,0,0,38,0
0,23,-0.01288155,-0.02721099,3.6018,-0.0009155413,3,3,-0.01725863,0,0,0,0,0,0,0,0,0,0,0,0,0,38,0
0,24,-0.01318825,-0.02637061,3.751875,-0.0006103609,3,3,-0.01800901,0,0,0,0,0,0,0,0,0,0,0,0,0,38,0
0,25,-0.01441508,-0.02548117,3.90195,-0.0006103609,3,3,-0.01875938,0,0,0,0,0,0,0,0,0,0,0,0,0,38,0
0,26,-0.0156419,-0.02472667,4.052025,-0.0009155413,3,3,-0.01950976,0,0,0,0,0,0,0,0,0,0,0,0,0,38,0
0,27,-0.01656202,-0.02393537,4.2021,-0.0009155413,3,3,-0.02026013,0,0,0,0,0,0,0,0,0,0,0,0,0,38,0
0,28,-0.01748214,-0.02326061,4.352175,-0.0006103609,3,3,-0.02101051,0,0,0,0,0,0,0,0,0,0,0,0,0,38,0
0,29,-0.01840226,-0.02256132,4.50225,-0.0006103609,3,3,-0.02176088,0,0,0,0,0,0,0,0,0,0,0,0,0,38,0
0,30,-0.01870897,-0.02196631,4.652325,-0.0009155413,3,3,-0.02251126,0,0,0,0,0,0,0,0,0,0,0,0,0,38,0
0,31,-0.01993579,-0.0213345,4.8024,-0.0009155413,3,3,-0.02326163,0,0,0,0,0,0,0,0,0,0,0,0,0,38,0
0,32,-0.02054921,-0.02080696,4.952475,-0.0006103609,3,3,-0.02401201,0,0,0,0,0,0,0,0,0,0,0,0,0,38,0
0,33,-0.02146932,-0.02025489,5.10255,-0.0009155413,3,3,-0.02476238,0,0,0,0,0,0,0,0,0,0,0,0,0,38,0
0,34,-0.02238944,-0.01977643,5.252625,-0.0009155413,3,3,-0.02551276,0,0,0,0,0,0,0,0,0,0,0,0,0,38,0
0,35,-0.02361627,-0.01926116,5.4027,-0.0009155413,3,3,-0.02626313,0,0,0,0,0,0,0,0,0,0,0,0,0,38,0
0,36,-0.02392298,-0.01885631,5.552775,-0.0009155413,3,3,-0.02701351,0,0,0,0,0,0,0,0,0,0,0,0,0,38,0
0,37,-0.02484309,-0.01839625,5.70285,-0.0006103609,3,3,-0.02776388,0,0,0,0,0,0,0,0,0,0,0,0,0,38,0
0,38,-0.02606992,-0.0180098,5.852925,-0.0006103609,3,3,-0.02851426,0,0,0,0,0,0,0,0,0,0,0,0,0,38,0
0,39,-0.02668333,-0.01759881,6.003,-0.0006103609,3,3,-0.02926463,0,0,0,0,0,0,0,0,0,0,0,0,0,38,0
0,40,-0.02760345,-0.01726144,6.153075,-0.0003051804,3,3,-0.03001501,0,0,0,0,0,0,0,0,0,0,0,0,0,38,0
0,41,-0.02821686,-0.01685658,6.30315,-0.0006103609,3,3,-0.03076538,0,0,0,0,0,0,0,0,0,0,0,0,0,38,0
0,42,-0.02944369,-0.01658055,6.453225,-0.0009155413,3,3,-0.03151576,0,0,0,0,0,0,0,0,0,0,0,0,0,38,0
0,43,-0.0297504,-0.01620023,6.6033,-0.0006103609,3,3,-0.03226613,0,0,0,0,0,0,0,0,0,0,0,0,0,38,0
0,44,-0.03036381,-0.01593033,6.753375,-0.0009155413,3,3,-0.03301651,0,0,0,0,0,0,0,0,0,0,0,0,0,38,0
0,45,-0.03159063,-0.01559909,6.90345,-0.0009155413,3,3,-0.03376688,0,0,0,0,0,0,0,0,0,0,0,0,0,38,0
0,46,-0.03220405,-0.01535986,7.053525,-0.0009155413,3,3,-0.03451726,0,0,0,0,0,0,0,0,0,0,0,0,0,38,0
0,47,-0.03281746,-0.01504702,7.2036,-0.0006103609,3,3,-0.03526764,0,0,0,0,0,0,0,0,0,0,0,0,0,38,0
0,48,-0.03404428,-0.01483846,7.353675,-0.0006103609,3,3,-0.03601801,0,0,0,0,0,0,0,0,0,0,0,0,0,38,0
0,49,-0.03435099,-0.01451335,7.50375,-0.0006103609,3,3,-0.03676838,0,0,0,0,0,0,0,0,0,0,0,0,0,38,0
0,50,-0.03527111,-0.01434159,7.653825,-0.0009155413,3,3,-0.03751876,0,0,0,0,0,0,0,0,0,0,0,0,0,38,0
0,51,-0.03588452,-0.01404102,7.8039,-0.0006103609,3,3,-0.03826914,0,0,0,0,0,0,0,0,0,0,0,0,0,38,0
0,52,-0.03803147,-0.01403549,7.953975,-0.0006103609,4,4,-0.03901951,0,0,0,0,0,0,0,0,0,0,0,0,0,38,0
0,53,-0.03864488,-0.01375455,8.10405,-0.0009155413,4,4,-0.03976989,0,0,0,0,0,0,0,0,0,0,0,0,0,38,0
0,54,-0.03925829,-0.01360059,8.254125,-0.0009155413,4,4,-0.04052026,0,0,0,0,0,0,0,0,0,0,0,0,0,38,0
0,55,-0.04017841,-0.01333375,8.4042,-0.0006103609,4,4,-0.04127064,0,0,0,0,0,0,0,0,0,0,0,0,0,38,0
0,56,-0.04048512,-0.01320923,8.554275,-0.0006103609,4,4,-0.04202101,0,0,0,0,0,0,0,0,0,0,0,0,0,38,0
0,57,-0.04140524,-0.01293687,8.70435,-0.0006103609,4,4,-0.04277139,0,0,0,0,0,0,0,0,0,0,0,0,0,38,0
0,58,-0.04263206,-0.01282155,8.854425,-0.0006103609,4,4,-0.04352176,0,0,0,0,0,0,0,0,0,0,0,0,0,38,0
0,59,-0.04293877,-0.01258232,9.0045,-0.0009155413,4,4,-0.04427214,0,0,0,0,0,0,0,0,0,0,0,0,0,38,0
0,60,-0.04385889,-0.01247804,9.154575,-0.0009155413,4,4,-0.04502251,0,0,0,0,0,0,0,0,0,0,0,0,0,38,0
0,61,-0.04477901,-0.01223636,9.30465,-0.0009155413,4,4,-0.04577289,0,0,0,0,0,0,0,0,0,0,0,0,0,38,0
0,62,-0.04569913,-0.01215661,9.454725,-0.0006103609,4,4,-0.04652326,0,0,0,0,0,0,0,0,0,0,0,0,0,38,0
0,63,-0.04600583,-0.01191493,9.6048,-0.0006103609,4,4,-0.04727364,0,0,0,0,0,0,0,0,0,0,0,0,0,38,0
0,64,-0.04661924,-0.01185359,9.754875,-0.0006103609,4,4,-0.04802401,0,0,0,0,0,0,0,0,0,0,0,0,0,38,0
0,65,-0.04784607,-0.0116119,9.90495,-0.001220722,4,4,-0.04877439,0,0,0,0,0,0,0,0,0,0,0,0,0,38,0
0,66,-0.04876619,-0.01157816,10.055025,-0.0006103609,4,4,-0.04952477,0,0,0,0,0,0,0,0,0,0,0,0,0,38,0
0,67,-0.0493796,-0.01131808,10.2051,-0.0009155413,4,4,-0.05027514,0,0,0,0,0,0,0,0,0,0,0,0,0,38,0
0,68,-0.05029972,-0.01133403,10.355175,-0.0009155413,4,4,-0.05102551,0,0,0,0,0,0,0,0,0,0,0,0,0,38,0
0,69,-0.05091313,-0.01103529,10.50525,-0.0009155413,4,4,-0.05177589,0,0,0,0,0,0,0,0,0,0,0,0,0,38,0
0,70,-0.05152655,-0.01108498,10.655325,-0.0009155413,4,4,-0.05252627,0,0,0,0,0,0,0,0,0,0,0,0,0,38,0
0,71,-0.05213996,-0.01079361,10.8054,-0.0006103609,4,4,-0.05327664,0,0,0,0,0,0,0,0,0,0,0,0,0,38,0
0,72,-0.05306008,-0.01083164,10.955475,-0.0009155413,4,4,-0.05402701,0,0,0,0,0,0,0,0,0,0,0,0,0,38,0
0,73,-0.0542869,-0.01056235,11.10555,-0.0006103609,4,4,-0.05477739,0,0,0,0,0,0,0,0,0,0,0,0,0,38,0
0,74,-0.05490031,-0.01062001,11.255625,-0.0006103609,4,4,-0.05552777,0,0,0,0,0,0,0,0,0,0,0,0,0,38,0
0,75,-0.05551373,-0.01033784,11.4057,-0.0009155413,4,4,-0.05627814,0,0,0,0,0,0,0,0,0,0,0,0,0,38,0
0,76,-0.05612714,-0.01041145,11.555775,-0.0009155413,4,4,-0.05702852,0,0,0,0,0,0,0,0,0,0,0,0,0,38,0
0,77,-0.05643385,-0.01013726,11.70585,-0.0009155413,4,4,-0.05777889,0,0,0,0,0,0,0,0,0,0,0,0,0,38,0
0,78,-0.05766067,-0.01020289,11.855925,-0.0009155413,4,4,-0.05852927,0,0,0,0,0,0,0,0,0,0,0,0,0,38,0
0,79,-0.05827409,-0.009936058,12.006,-0.0009155413,4,4,-0.05927964,0,0,0,0,0,0,0,0,0,0,0,0,0,38,0
0,80,-0.0591942,-0.01001826,12.156075,-0.0006103609,4,4,-0.06003002,0,0,0,0,0,0,0,0,0,0,0,0,0,38,0
0,81,-0.05980762,-0.009744674,12.30615,-0.0006103609,4,4,-0.06078039,0,0,0,0,0,0,0,0,0,0,0,0,0,38,0
0,82,-0.06042103,-0.009847114,12.456225,-0.0006103609,4,4,-0.06153077,0,0,0,0,0,0,0,0,0,0,0,0,0,38,0
0,83,-0.06195456,-0.009559423,12.6063,-0.0006103609,4,4,-0.06228114,0,0,0,0,0,0,0,0,0,0,0,0,0,38,0
0,84,-0.06226127,-0.009671064,12.756375,-0.0006103609,4,4,-0.06303152,0,0,0,0,0,0,0,0,0,0,0,0,0,38,0
0,85,-0.0634881,-0.009408523,12.90645,-0.0009155413,4,4,-0.06378189,0,0,0,0,0,0,0,0,0,0,0,0,0,38,0
0,86,-0.0634881,-0.009500535,13.056525,-0.0003051804,4,4,-0.06453227,0,0,0,0,0,0,0,0,0,0,0,0,0,38,0
0,87,-0.06471492,-0.009246582,13.2066,-0.0006103609,4,4,-0.06528264,0,0,0,0,0,0,0,0,0,0,0,0,0,38,0
0,88,-0.06502163,-0.009349636,13.356675,-0.0009155413,4,4,-0.06603302,0,0,0,0,0,0,0,0,0,0,0,0,0,38,0
0,89,-0.06624845,-0.009082188,13.50675,-0.0009155413,4,4,-0.06678339,0,0,0,0,0,0,0,0,0,0,0,0,0,38,0
0,90,-0.06624845,-0.009202417,13.656825,-0.0006103609,4,4,-0.06753377,0,0,0,0,0,0,0,0,0,0,0,0,0,38,0
0,91,-0.06778198,-0.008939876,13.8069,-0.0006103609,4,4,-0.06828415,0,0,0,0,0,0,0,0,0,0,0,0,0,38,0
0,92,-0.06839539,-0.009045997,13.956975,-0.0006103609,4,4,-0.06903452,0,0,0,0,0,0,0,0,0,0,0,0,0,38,0
0,93,-0.0690088,-0.0088129,14.10705,-0.0009155413,4,4,-0.06978489,0,0,0,0,0,0,0,0,0,0,0,0,0,38,0
0,94,-0.06992893,-0.008911046,14.257125,-0.0009155413,4,4,-0.07053527,0,0,0,0,0,0,0,0,0,0,0,0,0,38,0
0,95,-0.07054234,-0.008689604,14.4072,-0.0009155413,4,4,-0.07128564,0,0,0,0,0,0,0,0,0,0,0,0,0,38,0
0,96,-0.07115575,-0.008781616,14.557275,-0.0009155413,4,4,-0.07203602,0,0,0,0,0,0,0,0,0,0,0,0,0,38,0
0,97,-0.07176916,-0.008553426,14.70735,-0.0006103609,4,4,-0.0727864,0,0,0,0,0,0,0,0,0,0,0,0,0,38,0
0,98,-0.07268928,-0.008658933,14.857425,-0.0006103609,4,4,-0.07353677,0,0,0,0,0,0,0,0,0,0,0,0,0,38,0
0,99,-0.0736094,-0.00843381,15.0075,-0.0009155413,4,4,-0.07428715,0,0,0,0,0,0,0,0,0,0,0,0,0,38,0
0,100,-0.07452952,-0.008527663,15.157575,-0.0006103609,4,4,-0.07503752,0,0,0,0,0,0,0,0,0,0,0,0,0,38,0
0,101,-0.07514293,-0.008325237,15.30765,-0.0006103609,4,4,-0.07578789,0,0,0,0,0,0,0,0,0,0,0,0,0,38,0
0,102,-0.07636976,-0.008418475,15.457725,-0.0009155413,4,4,-0.07653827,0,0,0,0,0,0,0,0,0,0,0,0,0,38,0
0,103,-0.07606305,-0.008209915,15.6078,-0.0006103609,4,4,-0.07728865,0,0,0,0,0,0,0,0,0,0,0,0,0,38,0
0,104,-0.07759658,-0.008308674,15.757875,-0.0009155413,4,4,-0.07803902,0,0,0,0,0,0,0,0,0,0,0,0,0,38,0
0,105,-0.07851671,-0.008105022,15.90795,-0.0009155413,4,4,-0.0787894,0,0,0,0,0,0,0,0,0,0,0,0,0,38,0
0,106,-0.07913011,-0.00819458,16.058025,-0.0006103609,4,4,-0.07953978,0,0,0,0,0,0,0,0,0,0,0,0,0,38,0
0,107,-0.07974353,-0.00801117,16.2081,-0.0009155413,4,4,-0.08029015,0,0,0,0,0,0,0,0,0,0,0,0,0,38,0
0,108,-0.08066365,-0.008094594,16.358175,-0.0009155413,4,4,-0.08104052,0,0,0,0,0,0,0,0,0,0,0,0,0,38,0
0,109,-0.08158377,-0.007919158,16.50825,-0.0009155413,4,4,-0.0817909,0,0,0,0,0,0,0,0,0,0,0,0,0,38,0
0,110,-0.08219718,-0.008001355,16.658325,-0.0006103609,4,4,-0.08254127,0,0,0,0,0,0,0,0,0,0,0,0,0,38,0
0,111,-0.0831173,-0.007808743,16.8084,-0.0006103609,4,4,-0.08329165,0,0,0,0,0,0,0,0,0,0,0,0,0,38,0
0,112,-0.08373071,-0.007906276,16.958475,-0.0006103609,4,4,-0.08404203,0,0,0,0,0,0,0,0,0,0,0,0,0,38,0
0,113,-0.08434413,-0.007721025,17.10855,-0.0009155413,4,4,-0.0847924,0,0,0,0,0,0,0,0,0,0,0,0,0,38,0
0,114,-0.08495754,-0.007814264,17.258625,-0.0006103609,4,4,-0.08554278,0,0,0,0,0,0,0,0,0,0,0,0,0,38,0
0,115,-0.08557095,-0.0076284,17.4087,-0.0006103609,4,4,-0.08629315,0,0,0,0,0,0,0,0,0,0,0,0,0,38,0
0,116,-0.08649107,-0.007743108,17.558775,-0.0006103609,4,4,-0.08704352,0,0,0,0,0,0,0,0,0,0,0,0,0,38,0
0,117,-0.08741119,-0.007537001,17.70885,-0.0006103609,4,4,-0.0877939,0,0,0,0,0,0,0,0,0,0,0,0,0,38,0
0,118,-0.08771789,-0.007676246,17.858925,-0.0006103609,4,4,-0.08854427,0,0,0,0,0,0,0,0,0,0,0,0,0,38,0
0,119,-0.08894472,-0.007439469,18.009,-0.0009155413,4,4,-0.08929465,0,0,0,0,0,0,0,0,0,0,0,0,0,38,0
0,120,-0.08955813,-0.007604477,18.159075,-0.0009155413,4,4,-0.09004503,0,0,0,0,0,0,0,0,0,0,0,0,0,38,0
0,121,-0.09017155,-0.007356658,18.30915,-0.0003051804,4,4,-0.0907954,0,0,0,0,0,0,0,0,0,0,0,0,0,38,0
</Segment1>

<Graph1>
Analysis=0
Type=Unknown
ExternalDataAxis=1
ExternalDataName=
Y2AxisSmoothing=None
YAxisSmoothing=None
XAxisSmoothing=None
Y2AxisReferenceElectrode=(unspecified)
YAxisReferenceElectrode=(unspecified)
XAxisReferenceElectrode=(unspecified)
Y2AxisMath=
YAxisMath=
XAxisMath=
LockAspectRatio=False
Grid=True
Legend=False
GraphTitle=
Y2DataColor=-16744448
GridColor=-10039894
BackgroundColor=-1
SelectionColor=-65536
AnalysisColor=-4565549
DataSymbolSize=2
DataSymbolColor=-12490271
DataSymbolType=Circle
DataSymbol=False
DataLineColor=-12490271
DataLine=True
Y2AxisManualScaleMax=
Y2AxisManualScaleMin=
Y2AxisManualAdjustment=False
Y2AxisNormalizeToMass=False
Y2AxisNormalizeWithArea=False
Y2AxisNegateValues=False
Y2AxisScientificLabels=False
Y2AxisReverse=False
Y2AxisLog=False
Y2AxisName=Potential (V)
Y2AxisType=Potential (V)
Y2Axis=False
YAxisManualScaleMax=
YAxisManualScaleMin=
YAxisManualAdjustment=False
YAxisNormalizeToMass=False
YAxisNormalizeWithArea=False
YAxisNegateValues=False
YAxisScientificLabels=False
YAxisReverse=False
YAxisLog=False
YAxisName=Current (A)
YAxisType=Current (A)
XAxisManualScaleMax=
XAxisManualScaleMin=
XAxisManualAdjustment=False
XAxisNormalizeToMass=False
XAxisNormalizeWithArea=False
XAxisNegateValues=False
XAxisScientificLabels=False
XAxisReverse=False
XAxisLog=False
XAxisName=Potential (V)
XAxisType=Potential (V)
Height=309
Width=902
LocY=25
LocX=1
</Graph1>

<DockingLayout>
<?xml version="1.0" encoding="utf-16"?>
<!--DockPanel configuration file. Author: Weifen Luo, all rights reserved.-->
<!--!!! AUTOMATICALLY GENERATED FILE. DO NOT MODIFY !!!-->
<DockPanel FormatVersion="1.0" DockLeftPortion="0.25" DockRightPortion="0.29375" DockTopPortion="0.25" DockBottomPortion="0.25" ActiveDocumentPane="1" ActivePane="1">
  <Contents Count="4">
    <Content ID="0" PersistString="PowerSTAT.DataView" AutoHidePortion="0.29375" IsHidden="False" IsFloat="False" />
    <Content ID="1" PersistString="PowerSTAT.DataBrowser" AutoHidePortion="0.25" IsHidden="False" IsFloat="False" />
    <Content ID="2" PersistString="PowerSTAT.Overlay" AutoHidePortion="0.25" IsHidden="False" IsFloat="False" />
    <Content ID="3" PersistString="PowerSTAT.Graph" AutoHidePortion="0.25" IsHidden="False" IsFloat="False" />
  </Contents>
  <Panes Count="3">
    <Pane ID="0" DockState="DockRight" ActiveContent="0">
      <Contents Count="1">
        <Content ID="0" RefID="0" />
      </Contents>
    </Pane>
    <Pane ID="1" DockState="Document" ActiveContent="1">
      <Contents Count="2">
        <Content ID="0" RefID="1" />
        <Content ID="1" RefID="2" />
      </Contents>
    </Pane>
    <Pane ID="2" DockState="Document" ActiveContent="3">
      <Contents Count="1">
        <Content ID="0" RefID="3" />
      </Contents>
    </Pane>
  </Panes>
  <DockWindows>
    <DockWindow ID="0" DockState="Document" ZOrderIndex="0">
      <NestedPanes Count="2">
        <Pane ID="0" RefID="1" PrevPane="-1" Alignment="Right" Proportion="0.5" />
        <Pane ID="1" RefID="2" PrevPane="1" Alignment="Top" Proportion="0.5" />
      </NestedPanes>
    </DockWindow>
    <DockWindow ID="1" DockState="DockLeft" ZOrderIndex="2">
      <NestedPanes Count="0" />
    </DockWindow>
    <DockWindow ID="2" DockState="DockRight" ZOrderIndex="1">
      <NestedPanes Count="1">
        <Pane ID="0" RefID="0" PrevPane="-1" Alignment="Bottom" Proportion="0.5" />
      </NestedPanes>
    </DockWindow>
    <DockWindow ID="3" DockState="DockTop" ZOrderIndex="3">
      <NestedPanes Count="0" />
    </DockWindow>
    <DockWindow ID="4" DockState="DockBottom" ZOrderIndex="4">
      <NestedPanes Count="0" />
    </DockWindow>
  </DockWindows>
  <FloatWindows Count="0" />
</DockPanel>
</DockingLayout>
