<Application>
Name=VersaStudio
Version=2.54.2.0
LoggedIn=Security Disabled
Language [VersaStudio]=English (United States) [en-US]
Language [Region and Language]=English (United States) [en-US]
Language [Windows Operating System]=English (United States) [en-US]
</Application>

<Action0>
Limits2,Value=0
Limits2,Direction=<
Limits2,Limits=None
Limits1,Value=0
Limits1,Direction=<
Limits1,Limits=None
RotationRateConversionFactor=0.00025
Measured Open Circuit=768.912 mV
E2 Cell to Use=External
Remeasure OC Per Action=No
Mass (g)=0
Equivalent Weight (g)=0
Density (g/ml)=0
Working Electrode Area (cm2)=1
RDE Speed (Volts)=0
Working Electrode Type=Unspecified
Reference Electrode=(unspecified) (0 Volts)
Segments=0
Name=Common
Comment=Enter comments about the experiment here.
</Action0>

<Instrument>
Type=VersaSTAT4
Model=-400
SN=9110236
Options=FRA, EIS <Filter:Normal>
Firmware=2.54,2.54,2.54
BoosterDetails=None
</Instrument>

<Experiment>
TimeAcquired=1:14:17 AM
DateAcquired=Monday, March 17, 1980
SelectionEnd=0
SelectionStart=0
Height=661
Width=712
LocY=0
LocX=0
Show=True
</Experiment>

<DataView>
ShowDCLabels=False
ShowACLabels=False
ShowDataFilter=False
DataReduction=1
ShowEvery=100
Decimate=False
AutomaticDecimation=False
ViewSegments=All Segments
Height=328
Width=728
LocY=0
LocX=0
Show=True
</DataView>

<StripView>
Height=240
Width=344
LocY=0
LocX=0
Show=False
</StripView>

<Overlays>
Height=438
Width=294
LocY=0
LocX=0
Show=False
</Overlays>

<Action1>
Limits2,Value=0
Limits2,Direction=<
Limits2,Limits=None
Limits1,Value=0
Limits1,Direction=<
Limits1,Limits=None
Use Previous=No
User Defined (ohms)=0
Cell to Use=External
Leave Cell ON=No
iR Compensation=Disabled
LCI Bandwidth Limit=Auto
Bandwidth Limit=Auto
I Filter=Auto
E2 Filter=Auto
E Filter=Auto
Electrometer Mode=Auto
VoltageRange=+/-6V
Current Range=Auto
Total Points=2000
Scan Rate (V/s)=0.001
Final Potential (V),Versus=vs Ref
Final Potential (V),Value=0
Vertex Potential (V),Acquire at Hold=Yes
Vertex Potential (V),Vertex Hold=0
Vertex Potential (V),Versus=vs Ref
Vertex Potential (V),Value=1.2
Initial Potential (V),Versus=vs Ref
Initial Potential (V),Value=0
Segments=1
ParentNode=Common
Name=Cyclic Voltammetry
</Action1>

<Segment1>
Type=2
Version=3
Definition=Segment #, Point #, E(V), I(A), Elapsed Time(s), ADC Sync Input(V), Current Range, Status, E Applied(V), Frequency(Hz), E Real, E Imag, I Real, I Imag, Z Real, Z Imag, E2 Status, E2(V), E2 Real, E2 Imag, Z2 Real, Z2 Imag, ActionId, AC Amplitude, 0
0,0,0.006134246,-0.02662825,1.2,-0.0006103609,3,3,0,0,0,0,0,0,0,0,0,0,0,0,0,0,14,0
0,1,0.00490742,-0.01422504,2.4,-0.001220722,3,3,0.0012,0,0,0,0,0,0,0,0,0,0,0,0,0,14,0
0,2,0.005520833,-0.009342278,3.6,-0.0006103609,3,3,0.0024,0,0,0,0,0,0,0,0,0,0,0,0,0,14,0
0,3,0.00582754,-0.006913774,4.8,-0.0009155413,4,4,0.0036,0,0,0,0,0,0,0,0,0,0,0,0,0,14,0
0,4,0.006747658,-0.005461213,6,-0.0006103609,4,4,0.0048,0,0,0,0,0,0,0,0,0,0,0,0,0,14,0
0,5,0.007667778,-0.004495701,7.2,-0.0006103609,4,4,0.006,0,0,0,0,0,0,0,0,0,0,0,0,0,14,0
0,6,0.008587897,-0.003787823,8.4,-0.0009155413,4,4,0.0072,0,0,0,0,0,0,0,0,0,0,0,0,0,14,0
0,7,0.009814722,-0.00322471,9.6,-0.0009155413,4,4,0.008400001,0,0,0,0,0,0,0,0,0,0,0,0,0,14,0
0,8,0.01104155,-0.002785507,10.8,-0.0009155413,4,4,0.0096,0,0,0,0,0,0,0,0,0,0,0,0,0,14,0
0,9,0.01257508,-0.002434021,12,-0.0006103609,4,4,0.0108,0,0,0,0,0,0,0,0,0,0,0,0,0,14,0
0,10,0.01318849,-0.002158599,13.2,-0.0006103609,4,4,0.012,0,0,0,0,0,0,0,0,0,0,0,0,0,14,0
0,11,0.01502873,-0.001929183,14.4,-0.0009155413,4,4,0.0132,0,0,0,0,0,0,0,0,0,0,0,0,0,14,0
0,12,0.01594885,-0.001743932,15.6,-0.0006103609,4,4,0.0144,0,0,0,0,0,0,0,0,0,0,0,0,0,14,0
0,13,0.01686897,-0.001585058,16.8,-0.0009155413,4,4,0.0156,0,0,0,0,0,0,0,0,0,0,0,0,0,14,0
0,14,0.0184025,-0.001448267,18,-0.0009155413,4,4,0.0168,0,0,0,0,0,0,0,0,0,0,0,0,0,14,0
0,15,0.01932262,-0.001333559,19.2,-0.0006103609,4,4,0.018,0,0,0,0,0,0,0,0,0,0,0,0,0,14,0
0,16,0.02024274,-0.001227745,20.4,-0.0006103609,5,5,0.0192,0,0,0,0,0,0,0,0,0,0,0,0,0,14,0
0,17,0.02146956,-0.001139659,21.6,-0.0009155413,5,5,0.0204,0,0,0,0,0,0,0,0,0,0,0,0,0,14,0
0,18,0.02269639,-0.001063842,22.8,-0.0009155413,5,5,0.0216,0,0,0,0,0,0,0,0,0,0,0,0,0,14,0
0,19,0.02422992,-0.000992379,24,-0.0006103609,5,5,0.0228,0,0,0,0,0,0,0,0,0,0,0,0,0,14,0
0,20,0.02515004,-0.0009256397,25.2,-0.0006103609,5,5,0.024,0,0,0,0,0,0,0,0,0,0,0,0,0,14,0
0,21,0.02668357,-0.0008686536,26.4,-0.0009155413,5,5,0.0252,0,0,0,0,0,0,0,0,0,0,0,0,0,14,0
0,22,0.0282171,-0.0008154708,27.6,-0.0009155413,5,5,0.0264,0,0,0,0,0,0,0,0,0,0,0,0,0,14,0
0,23,0.02883052,-0.000770569,28.8,-0.0006103609,5,5,0.0276,0,0,0,0,0,0,0,0,0,0,0,0,0,14,0
0,24,0.03005734,-0.0007233362,30,-0.001220722,5,5,0.0288,0,0,0,0,0,0,0,0,0,0,0,0,0,14,0
0,25,0.03128416,-0.0006837097,31.2,-0.0009155413,5,5,0.03,0,0,0,0,0,0,0,0,0,0,0,0,0,14,0
0,26,0.03251099,-0.0006484385,32.4,-0.0006103609,5,5,0.0312,0,0,0,0,0,0,0,0,0,0,0,0,0,14,0
0,27,0.03373782,-0.000613474,33.6,-0.0009155413,5,5,0.0324,0,0,0,0,0,0,0,0,0,0,0,0,0,14,0
0,28,0.03496464,-0.0005861158,34.8,-0.0006103609,5,5,0.0336,0,0,0,0,0,0,0,0,0,0,0,0,0,14,0
0,29,0.03588476,-0.0005559359,36,-0.0009155413,5,5,0.0348,0,0,0,0,0,0,0,0,0,0,0,0,0,14,0
0,30,0.03711159,-0.0005261854,37.2,-0.0009155413,5,5,0.036,0,0,0,0,0,0,0,0,0,0,0,0,0,14,0
0,31,0.03833841,-0.0004983364,38.4,-0.0006103609,5,5,0.0372,0,0,0,0,0,0,0,0,0,0,0,0,0,14,0
0,32,0.03987194,-0.0004726958,39.6,-0.0009155413,5,5,0.0384,0,0,0,0,0,0,0,0,0,0,0,0,0,14,0
0,33,0.04109877,-0.0004485887,40.8,-0.0006103609,5,5,0.0396,0,0,0,0,0,0,0,0,0,0,0,0,0,14,0
0,34,0.04232559,-0.0004200036,42,-0.0009155413,5,5,0.0408,0,0,0,0,0,0,0,0,0,0,0,0,0,14,0
0,35,0.04293901,-0.0004030734,43.2,-0.0009155413,5,5,0.042,0,0,0,0,0,0,0,0,0,0,0,0,0,14,0
0,36,0.04477924,-0.0003880448,44.4,-0.0009155413,5,5,0.0432,0,0,0,0,0,0,0,0,0,0,0,0,0,14,0
0,37,0.04569937,-0.0003696425,45.6,-0.0006103609,5,5,0.0444,0,0,0,0,0,0,0,0,0,0,0,0,0,14,0
0,38,0.04692619,-0.0003517308,46.8,-0.0009155413,5,5,0.0456,0,0,0,0,0,0,0,0,0,0,0,0,0,14,0
0,39,0.04845972,-0.0003368249,48,-0.0009155413,5,5,0.0468,0,0,0,0,0,0,0,0,0,0,0,0,0,14,0
0,40,0.04907313,-0.0003220416,49.2,-0.0006103609,5,5,0.048,0,0,0,0,0,0,0,0,0,0,0,0,0,14,0
0,41,0.05091337,-0.0003063996,50.4,-0.0009155413,5,5,0.0492,0,0,0,0,0,0,0,0,0,0,0,0,0,14,0
0,42,0.05183349,-0.0002922298,51.6,-0.0009155413,5,5,0.0504,0,0,0,0,0,0,0,0,0,0,0,0,0,14,0
0,43,0.05336702,-0.000278612,52.8,-0.0009155413,5,5,0.0516,0,0,0,0,0,0,0,0,0,0,0,0,0,14,0
0,44,0.05398044,-0.0002640741,54,-0.0006103609,5,5,0.0528,0,0,0,0,0,0,0,0,0,0,0,0,0,14,0
0,45,0.05520726,-0.0002501497,55.2,-0.0009155413,5,5,0.054,0,0,0,0,0,0,0,0,0,0,0,0,0,14,0
0,46,0.05674079,-0.0002427274,56.4,-0.0009155413,5,5,0.0552,0,0,0,0,0,0,0,0,0,0,0,0,0,14,0
0,47,0.0573542,-0.0002315019,57.6,-0.0009155413,5,5,0.0564,0,0,0,0,0,0,0,0,0,0,0,0,0,14,0
0,48,0.05919444,-0.0002251838,58.8,-0.001220722,5,5,0.0576,0,0,0,0,0,0,0,0,0,0,0,0,0,14,0
0,49,0.06042127,-0.0002162893,60,-0.0006103609,5,5,0.0588,0,0,0,0,0,0,0,0,0,0,0,0,0,14,0
0,50,0.06134139,-0.0002055546,61.2,-0.0009155413,5,5,0.06,0,0,0,0,0,0,0,0,0,0,0,0,0,14,0
0,51,0.06226151,-0.0001943291,62.4,-0.0006103609,5,5,0.0612,0,0,0,0,0,0,0,0,0,0,0,0,0,14,0
0,52,0.06410174,-0.0001861094,63.6,-0.0009155413,5,5,0.0624,0,0,0,0,0,0,0,0,0,0,0,0,0,14,0
0,53,0.06502187,-0.0001764788,64.8,-0.0006103609,5,5,0.0636,0,0,0,0,0,0,0,0,0,0,0,0,0,14,0
0,54,0.0665554,-0.0001708354,66,-0.0009155413,5,5,0.0648,0,0,0,0,0,0,0,0,0,0,0,0,0,14,0
0,55,0.06716881,-0.0001624317,67.2,-0.0006103609,5,5,0.066,0,0,0,0,0,0,0,0,0,0,0,0,0,14,0
0,56,0.06900904,-0.0001585058,68.4,-0.0006103609,5,5,0.06720001,0,0,0,0,0,0,0,0,0,0,0,0,0,14,0
0,57,0.06962246,-0.0001515129,69.6,-0.0006103609,5,5,0.0684,0,0,0,0,0,0,0,0,0,0,0,0,0,14,0
0,58,0.07054257,-0.0001477711,70.8,-0.0006103609,5,5,0.0696,0,0,0,0,0,0,0,0,0,0,0,0,0,14,0
0,59,0.07207611,-0.0001397967,72,-0.0006103609,5,5,0.07080001,0,0,0,0,0,0,0,0,0,0,0,0,0,14,0
0,60,0.07330293,-0.0001318469,73.2,-0.0009155413,6,6,0.072,0,0,0,0,0,0,0,0,0,0,0,0,0,14,0
0,61,0.07483646,-0.0001231733,74.4,-0.0006103609,6,6,0.0732,0,0,0,0,0,0,0,0,0,0,0,0,0,14,0
0,62,0.07544988,-0.0001173397,75.6,-0.0006103609,6,6,0.0744,0,0,0,0,0,0,0,0,0,0,0,0,0,14,0
0,63,0.07729012,-0.0001175421,76.8,-0.0006103609,6,6,0.07560001,0,0,0,0,0,0,0,0,0,0,0,0,0,14,0
0,64,0.07821023,-0.0001106842,78,-0.0006103609,6,6,0.0768,0,0,0,0,0,0,0,0,0,0,0,0,0,14,0
0,65,0.07974377,-0.000107979,79.2,-0.0009155413,6,6,0.078,0,0,0,0,0,0,0,0,0,0,0,0,0,14,0
0,66,0.08035718,-0.0001045807,80.4,-0.0009155413,6,6,0.07920001,0,0,0,0,0,0,0,0,0,0,0,0,0,14,0
0,67,0.08158401,-0.00010171,81.6,-0.0006103609,6,6,0.0804,0,0,0,0,0,0,0,0,0,0,0,0,0,14,0
0,68,0.08311754,-9.746514E-05,82.8,-0.0006103609,6,6,0.0816,0,0,0,0,0,0,0,0,0,0,0,0,0,14,0
0,69,0.08373095,-9.310377E-05,84,-0.0009155413,6,6,0.0828,0,0,0,0,0,0,0,0,0,0,0,0,0,14,0
0,70,0.0858779,-8.666294E-05,85.2,-0.0003051804,6,6,0.08400001,0,0,0,0,0,0,0,0,0,0,0,0,0,14,0
0,71,0.08649131,-8.306221E-05,86.4,-0.0009155413,6,6,0.0852,0,0,0,0,0,0,0,0,0,0,0,0,0,14,0
0,72,0.08771813,-8.005035E-05,87.6,-0.0009155413,6,6,0.0864,0,0,0,0,0,0,0,0,0,0,0,0,0,14,0
0,73,0.08894496,-7.656003E-05,88.8,-0.001220722,6,6,0.08760001,0,0,0,0,0,0,0,0,0,0,0,0,0,14,0
0,74,0.09017178,-7.366473E-05,90,-0.0006103609,6,6,0.08880001,0,0,0,0,0,0,0,0,0,0,0,0,0,14,0
0,75,0.0910919,-7.361565E-05,91.2,-0.0009155413,6,6,0.09,0,0,0,0,0,0,0,0,0,0,0,0,0,14,0
0,76,0.09201202,-7.478114E-05,92.4,-0.0009155413,6,6,0.0912,0,0,0,0,0,0,0,0,0,0,0,0,0,14,0
0,77,0.09354556,-7.246244E-05,93.6,-0.0009155413,6,6,0.09240001,0,0,0,0,0,0,0,0,0,0,0,0,0,14,0
0,78,0.09477238,-6.725456E-05,94.8,-0.0009155413,6,6,0.0936,0,0,0,0,0,0,0,0,0,0,0,0,0,14,0
0,79,0.09661262,-6.309563E-05,96,-0.0009155413,6,6,0.0948,0,0,0,0,0,0,0,0,0,0,0,0,0,14,0
0,80,0.09722603,-5.982E-05,97.2,-0.0006103609,6,6,0.096,0,0,0,0,0,0,0,0,0,0,0,0,0,14,0
0,81,0.09875956,-5.613339E-05,98.4,-0.0009155413,6,6,0.09720001,0,0,0,0,0,0,0,0,0,0,0,0,0,14,0
0,82,0.09998639,-5.451398E-05,99.6,-0.0006103609,6,6,0.0984,0,0,0,0,0,0,0,0,0,0,0,0,0,14,0
0,83,0.1012132,-5.026917E-05,100.8,-0.0009155413,6,6,0.0996,0,0,0,0,0,0,0,0,0,0,0,0,0,14,0
0,84,0.1018266,-5.022009E-05,102,-0.0009155413,6,6,0.1008,0,0,0,0,0,0,0,0,0,0,0,0,0,14,0
0,85,0.1033602,-4.434973E-05,103.2,-0.0006103609,6,6,0.102,0,0,0,0,0,0,0,0,0,0,0,0,0,14,0
0,86,0.104587,-4.493248E-05,104.4,-0.0006103609,6,6,0.1032,0,0,0,0,0,0,0,0,0,0,0,0,0,14,0
0,87,0.1058138,-4.162618E-05,105.6,-0.0006103609,6,6,0.1044,0,0,0,0,0,0,0,0,0,0,0,0,0,14,0
0,88,0.1067339,-4.192675E-05,106.8,-0.0006103609,6,6,0.1056,0,0,0,0,0,0,0,0,0,0,0,0,0,14,0
0,89,0.1079608,-4.169979E-05,108,-0.0009155413,6,6,0.1068,0,0,0,0,0,0,0,0,0,0,0,0,0,14,0
0,90,0.1091876,-3.877995E-05,109.2,-0.0006103609,6,6,0.108,0,0,0,0,0,0,0,0,0,0,0,0,0,14,0
0,91,0.1110278,-3.638151E-05,110.4,-0.0009155413,6,6,0.1092,0,0,0,0,0,0,0,0,0,0,0,0,0,14,0
0,92,0.1110278,-3.549819E-05,111.6,-0.0006103609,6,6,0.1104,0,0,0,0,0,0,0,0,0,0,0,0,0,14,0
0,93,0.1125613,-3.550432E-05,112.8,-0.0006103609,6,6,0.1116,0,0,0,0,0,0,0,0,0,0,0,0,0,14,0
0,94,0.1144016,-3.472529E-05,114,-0.0006103609,6,6,0.1128,0,0,0,0,0,0,0,0,0,0,0,0,0,14,0
0,95,0.115015,-3.209375E-05,115.2,-0.0006103609,6,6,0.114,0,0,0,0,0,0,0,0,0,0,0,0,0,14,0
0,96,0.1162418,-3.181158E-05,116.4,-0.0009155413,6,6,0.1152,0,0,0,0,0,0,0,0,0,0,0,0,0,14,0
0,97,0.1174686,-3.049888E-05,117.6,-0.0006103609,6,6,0.1164,0,0,0,0,0,0,0,0,0,0,0,0,0,14,0
0,98,0.1190022,-3.038233E-05,118.8,-0.0009155413,6,6,0.1176,0,0,0,0,0,0,0,0,0,0,0,0,0,14,0
0,99,0.1199223,-3.312428E-05,120,-0.0006103609,6,6,0.1188,0,0,0,0,0,0,0,0,0,0,0,0,0,14,0
0,100,0.1211491,-2.898988E-05,121.2,-0.0006103609,6,6,0.12,0,0,0,0,0,0,0,0,0,0,0,0,0,14,0
0,101,0.122376,-2.712511E-05,122.4,-0.0006103609,6,6,0.1212,0,0,0,0,0,0,0,0,0,0,0,0,0,14,0
0,102,0.1232961,-2.425434E-05,123.6,-0.0006103609,6,6,0.1224,0,0,0,0,0,0,0,0,0,0,0,0,0,14,0
0,103,0.1248296,-2.495363E-05,124.8,-0.0009155413,6,6,0.1236,0,0,0,0,0,0,0,0,0,0,0,0,0,14,0
0,104,0.1260564,-2.18927E-05,126,-0.0009155413,6,6,0.1248,0,0,0,0,0,0,0,0,0,0,0,0,0,14,0
0,105,0.12759,-2.037757E-05,127.2,-0.0009155413,6,6,0.126,0,0,0,0,0,0,0,0,0,0,0,0,0,14,0
0,106,0.1282034,-1.537825E-05,128.4,-0.0006103609,6,6,0.1272,0,0,0,0,0,0,0,0,0,0,0,0,0,14,0
0,107,0.1294302,-1.839624E-05,129.6,-0.0006103609,6,6,0.1284,0,0,0,0,0,0,0,0,0,0,0,0,0,14,0
0,108,0.130657,-1.572177E-05,130.8,-0.0006103609,6,6,0.1296,0,0,0,0,0,0,0,0,0,0,0,0,0,14,0
0,109,0.1318838,-1.670936E-05,132,-0.0006103609,6,6,0.1308,0,0,0,0,0,0,0,0,0,0,0,0,0,14,0
0,110,0.1334174,-1.896672E-05,133.2,-0.0006103609,6,6,0.132,0,0,0,0,0,0,0,0,0,0,0,0,0,14,0
0,111,0.1343375,-1.960467E-05,134.4,-0.0009155413,6,6,0.1332,0,0,0,0,0,0,0,0,0,0,0,0,0,14,0
0,112,0.135871,-1.490593E-05,135.6,-0.0006103609,6,6,0.1344,0,0,0,0,0,0,0,0,0,0,0,0,0,14,0
0,113,0.1367911,-1.502247E-05,136.8,-0.0006103609,6,6,0.1356,0,0,0,0,0,0,0,0,0,0,0,0,0,14,0
0,114,0.138018,-1.297981E-05,138,-0.0006103609,6,6,0.1368,0,0,0,0,0,0,0,0,0,0,0,0,0,14,0
0,115,0.1389381,-9.302403E-06,139.2,-0.0009155413,7,7,0.138,0,0,0,0,0,0,0,0,0,0,0,0,0,14,0
0,116,0.1401649,-9.181561E-06,140.4,-0.0009155413,7,7,0.1392,0,0,0,0,0,0,0,0,0,0,0,0,0,14,0
0,117,0.1416984,-1.131317E-05,141.6,-0.0006103609,7,7,0.1404,0,0,0,0,0,0,0,0,0,0,0,0,0,14,0
0,118,0.143232,-9.758169E-06,142.8,-0.0006103609,7,7,0.1416,0,0,0,0,0,0,0,0,0,0,0,0,0,14,0
0,119,0.1438454,-9.187082E-06,144,-0.0009155413,7,7,0.1428,0,0,0,0,0,0,0,0,0,0,0,0,0,14,0
0,120,0.1444588,-1.051267E-05,145.2,-0.0009155413,7,7,0.144,0,0,0,0,0,0,0,0,0,0,0,0,0,14,0
0,121,0.1469125,-1.052493E-05,146.4,-0.0009155413,7,7,0.1452,0,0,0,0,0,0,0,0,0,0,0,0,0,14,0
0,122,0.1472192,-1.054702E-05,147.6,-0.0009155413,7,7,0.1464,0,0,0,0,0,0,0,0,0,0,0,0,0,14,0
0,123,0.1490594,-8.115449E-06,148.8,-0.0006103609,7,7,0.1476,0,0,0,0,0,0,0,0,0,0,0,0,0,14,0
0,124,0.1499795,-7.157912E-06,150,-0.0006103609,7,7,0.1488,0,0,0,0,0,0,0,0,0,0,0,0,0,14,0
0,125,0.1512063,-5.85073E-06,151.2,-0.0009155413,7,7,0.15,0,0,0,0,0,0,0,0,0,0,0,0,0,14,0
0,126,0.1521265,-5.287617E-06,152.4,-0.0009155413,7,7,0.1512,0,0,0,0,0,0,0,0,0,0,0,0,0,14,0
0,127,0.1530466,-3.183612E-06,153.6,-0.0003051804,7,7,0.1524,0,0,0,0,0,0,0,0,0,0,0,0,0,14,0
0,128,0.1545801,-1.959853E-06,154.8,-0.0009155413,7,7,0.1536,0,0,0,0,0,0,0,0,0,0,0,0,0,14,0
0,129,0.1558069,1.494274E-06,156,-0.0009155413,7,7,0.1548,0,0,0,0,0,0,0,0,0,0,0,0,0,14,0
0,130,0.1576472,-1.048933E-07,157.2,-0.0009155413,7,7,0.156,0,0,0,0,0,0,0,0,0,0,0,0,0,14,0
0,131,0.158874,-2.010153E-07,158.4,-0.0006103609,9,521,0.1572,0,0,0,0,0,0,0,0,0,0,0,0,0,14,0
0,132,0.1594874,-1.4717E-06,159.6,-0.0009155413,8,8,0.1584,0,0,0,0,0,0,0,0,0,0,0,0,0,14,0
0,133,0.1604075,-3.952218E-07,160.8,-0.0009155413,8,8,0.1596,0,0,0,0,0,0,0,0,0,0,0,0,0,14,0
0,134,0.1619411,-7.854749E-07,162,-0.0006103609,8,8,0.1608,0,0,0,0,0,0,0,0,0,0,0,0,0,14,0
0,135,0.1631679,1.793619E-07,163.2,-0.0009155413,8,8,0.162,0,0,0,0,0,0,0,0,0,0,0,0,0,14,0
0,136,0.1643947,-1.633518E-07,164.4,-0.0009155413,8,8,0.1632,0,0,0,0,0,0,0,0,0,0,0,0,0,14,0
0,137,0.1656215,8.553426E-07,165.6,-0.0009155413,8,8,0.1644,0,0,0,0,0,0,0,0,0,0,0,0,0,14,0
0,138,0.1668484,1.26136E-06,166.8,-0.0009155413,8,8,0.1656,0,0,0,0,0,0,0,0,0,0,0,0,0,14,0
0,139,0.1680752,2.009847E-06,168,-0.0006103609,8,520,0.1668,0,0,0,0,0,0,0,0,0,0,0,0,0,14,0
0,140,0.1689953,2.532168E-06,169.2,-0.0009155413,7,7,0.168,0,0,0,0,0,0,0,0,0,0,0,0,0,14,0
0,141,0.1705288,3.55166E-06,170.4,-0.0009155413,7,7,0.1692,0,0,0,0,0,0,0,0,0,0,0,0,0,14,0
0,142,0.1717557,6.461076E-06,171.6,-0.0006103609,7,7,0.1704,0,0,0,0,0,0,0,0,0,0,0,0,0,14,0
0,143,0.1726758,7.720412E-06,172.8,-0.0006103609,7,7,0.1716,0,0,0,0,0,0,0,0,0,0,0,0,0,14,0
0,144,0.1739026,8.400687E-06,174,-0.0006103609,7,7,0.1728,0,0,0,0,0,0,0,0,0,0,0,0,0,14,0
0,145,0.1754361,6.577011E-06,175.2,-0.0009155413,7,7,0.174,0,0,0,0,0,0,0,0,0,0,0,0,0,14,0
0,146,0.176663,7.175088E-06,176.4,-0.0006103609,7,7,0.1752,0,0,0,0,0,0,0,0,0,0,0,0,0,14,0
0,147,0.1778898,3.231458E-06,177.6,-0.0009155413,7,7,0.1764,0,0,0,0,0,0,0,0,0,0,0,0,0,14,0
0,148,0.1785032,4.690767E-06,178.8,-0.0006103609,7,7,0.1776,0,0,0,0,0,0,0,0,0,0,0,0,0,14,0
0,149,0.1800367,5.865452E-06,180,-0.0009155413,7,7,0.1788,0,0,0,0,0,0,0,0,0,0,0,0,0,14,0
0,150,0.1812636,8.673042E-06,181.2,-0.0006103609,7,7,0.18,0,0,0,0,0,0,0,0,0,0,0,0,0,14,0
0,151,0.1821837,1.137942E-05,182.4,-0.0006103609,7,7,0.1814442,0,0,0,0,0,0,0,0,0,0,0,0,0,14,0
0,152,0.1837172,1.10034E-05,183.6,-0.0009155413,7,7,0.1824,0,0,0,0,0,0,0,0,0,0,0,0,0,14,0
0,153,0.1843306,8.904299E-06,184.8,-0.0009155413,7,7,0.1836,0,0,0,0,0,0,0,0,0,0,0,0,0,14,0
0,154,0.1861709,9.214686E-06,186,-0.0009155413,7,7,0.1848,0,0,0,0,0,0,0,0,0,0,0,0,0,14,0
0,155,0.187091,7.164047E-06,187.2,-0.0009155413,7,7,0.186,0,0,0,0,0,0,0,0,0,0,0,0,0,14,0
0,156,0.1883178,9.204257E-06,188.4,-0.0006103609,7,7,0.1872,0,0,0,0,0,0,0,0,0,0,0,0,0,14,0
0,157,0.1895446,9.998627E-06,189.6,-0.0006103609,7,7,0.1884,0,0,0,0,0,0,0,0,0,0,0,0,0,14,0
0,158,0.1904647,1.20327E-05,190.8,-0.0006103609,7,7,0.1896,0,0,0,0,0,0,0,0,0,0,0,0,0,14,0
0,159,0.1916916,1.599474E-05,192,-0.0006103609,7,7,0.1908,0,0,0,0,0,0,0,0,0,0,0,0,0,14,0
0,160,0.1932251,1.542488E-05,193.2,-0.0009155413,7,7,0.192,0,0,0,0,0,0,0,0,0,0,0,0,0,14,0
0,161,0.1947586,1.408211E-05,194.4,-0.0009155413,7,7,0.1932,0,0,0,0,0,0,0,0,0,0,0,0,0,14,0
0,162,0.1956788,1.294485E-05,195.6,-0.0009155413,7,7,0.1944,0,0,0,0,0,0,0,0,0,0,0,0,0,14,0
0,163,0.1969056,1.365027E-05,196.8,-0.0009155413,7,7,0.1956,0,0,0,0,0,0,0,0,0,0,0,0,0,14,0
0,164,0.1981324,1.037342E-05,198,-0.0009155413,7,7,0.1968,0,0,0,0,0,0,0,0,0,0,0,0,0,14,0
0,165,0.1993592,1.195848E-05,199.2,-0.0009155413,7,7,0.198,0,0,0,0,0,0,0,0,0,0,0,0,0,14,0
0,166,0.1999727,1.339141E-05,200.4,-0.0006103609,7,7,0.1992,0,0,0,0,0,0,0,0,0,0,0,0,0,14,0
0,167,0.2015062,1.510958E-05,201.6,-0.0009155413,7,7,0.2004,0,0,0,0,0,0,0,0,0,0,0,0,0,14,0
0,168,0.2030397,1.580028E-05,202.8,-0.0009155413,7,7,0.2016,0,0,0,0,0,0,0,0,0,0,0,0,0,14,0
0,169,0.2039598,1.977949E-05,204,-0.0009155413,7,7,0.2028,0,0,0,0,0,0,0,0,0,0,0,0,0,14,0
0,170,0.2054934,2.132223E-05,205.2,-0.0003051804,6,6,0.204,0,0,0,0,0,0,0,0,0,0,0,0,0,14,0
0,171,0.2061068,1.5961E-05,206.4,-0.0009155413,6,6,0.2052,0,0,0,0,0,0,0,0,0,0,0,0,0,14,0
0,172,0.2076403,1.537212E-05,207.6,-0.0006103609,6,6,0.2064,0,0,0,0,0,0,0,0,0,0,0,0,0,14,0
0,173,0.2091738,1.689952E-05,208.8,-0.0009155413,6,6,0.2076,0,0,0,0,0,0,0,0,0,0,0,0,0,14,0
0,174,0.2094806,1.453175E-05,210,-0.0009155413,6,6,0.2088,0,0,0,0,0,0,0,0,0,0,0,0,0,14,0
0,175,0.2113208,1.421277E-05,211.2,-0.0006103609,6,6,0.21,0,0,0,0,0,0,0,0,0,0,0,0,0,14,0
0,176,0.2125476,1.724303E-05,212.4,-0.0009155413,6,6,0.2112,0,0,0,0,0,0,0,0,0,0,0,0,0,14,0
0,177,0.2137744,1.733505E-05,213.6,-0.0006103609,6,6,0.2124,0,0,0,0,0,0,0,0,0,0,0,0,0,14,0
0,178,0.2150013,2.01138E-05,214.8,-0.0009155413,6,6,0.2136,0,0,0,0,0,0,0,0,0,0,0,0,0,14,0
0,179,0.2159214,2.096031E-05,216,-0.0006103609,6,6,0.2148,0,0,0,0,0,0,0,0,0,0,0,0,0,14,0
0,180,0.2171482,2.270854E-05,217.2,-0.0006103609,6,6,0.216,0,0,0,0,0,0,0,0,0,0,0,0,0,14,0
0,181,0.218375,2.433408E-05,218.4,-0.0006103609,6,6,0.2172,0,0,0,0,0,0,0,0,0,0,0,0,0,14,0
0,182,0.2199086,2.225462E-05,219.6,-0.0009155413,6,6,0.2184,0,0,0,0,0,0,0,0,0,0,0,0,0,14,0
0,183,0.2208287,2.32054E-05,220.8,-0.0009155413,6,6,0.2196,0,0,0,0,0,0,0,0,0,0,0,0,0,14,0
0,184,0.2220555,2.380041E-05,222,-0.0009155413,6,6,0.2208,0,0,0,0,0,0,0,0,0,0,0,0,0,14,0
0,185,0.2229756,2.215647E-05,223.2,-0.0009155413,6,6,0.222,0,0,0,0,0,0,0,0,0,0,0,0,0,14,0
0,186,0.2245092,2.215647E-05,224.4,-0.0006103609,6,6,0.2232,0,0,0,0,0,0,0,0,0,0,0,0,0,14,0
0,187,0.225736,1.879497E-05,225.6,-0.0009155413,6,6,0.2244,0,0,0,0,0,0,0,0,0,0,0,0,0,14,0
0,188,0.2266561,2.030396E-05,226.8,-0.0006103609,6,6,0.2256,0,0,0,0,0,0,0,0,0,0,0,0,0,14,0
0,189,0.2281896,1.95372E-05,228,-0.0006103609,6,6,0.2268,0,0,0,0,0,0,0,0,0,0,0,0,0,14,0
0,190,0.2294165,2.189884E-05,229.2,-0.0009155413,6,6,0.228,0,0,0,0,0,0,0,0,0,0,0,0,0,14,0
0,191,0.2303366,2.146945E-05,230.4,-0.0009155413,6,6,0.2292,0,0,0,0,0,0,0,0,0,0,0,0,0,14,0
0,192,0.2318701,2.250611E-05,231.6,-0.0009155413,6,6,0.2304,0,0,0,0,0,0,0,0,0,0,0,0,0,14,0
0,193,0.2324835,2.342623E-05,232.8,-0.0009155413,6,6,0.2316,0,0,0,0,0,0,0,0,0,0,0,0,0,14,0
0,194,0.2343238,2.408258E-05,234,-0.0009155413,6,6,0.2328,0,0,0,0,0,0,0,0,0,0,0,0,0,14,0
0,195,0.2349372,2.480028E-05,235.2,-0.0009155413,6,6,0.234,0,0,0,0,0,0,0,0,0,0,0,0,0,14,0
0,196,0.2364707,2.669572E-05,236.4,-0.0009155413,6,6,0.2352,0,0,0,0,0,0,0,0,0,0,0,0,0,14,0
0,197,0.2367774,3.215509E-05,237.6,-0.0006103609,6,6,0.2364,0,0,0,0,0,0,0,0,0,0,0,0,0,14,0
0,198,0.2389244,2.796549E-05,238.8,-0.001220722,6,6,0.2376,0,0,0,0,0,0,0,0,0,0,0,0,0,14,0
0,199,0.2395378,3.241886E-05,240,-0.0009155413,6,6,0.2388,0,0,0,0,0,0,0,0,0,0,0,0,0,14,0
0,200,0.2410713,2.846235E-05,241.2,-0.0009155413,6,6,0.24,0,0,0,0,0,0,0,0,0,0,0,0,0,14,0
0,201,0.2426048,2.727233E-05,242.4,-0.0009155413,6,6,0.2412,0,0,0,0,0,0,0,0,0,0,0,0,0,14,0
0,202,0.243525,2.890401E-05,243.6,-0.0006103609,6,6,0.2424,0,0,0,0,0,0,0,0,0,0,0,0,0,14,0
0,203,0.2447518,2.821085E-05,244.8,-0.0009155413,6,6,0.2436,0,0,0,0,0,0,0,0,0,0,0,0,0,14,0
0,204,0.2459786,2.898375E-05,246,-0.0006103609,6,6,0.2448,0,0,0,0,0,0,0,0,0,0,0,0,0,14,0
0,205,0.2468987,2.98916E-05,247.2,-0.0006103609,6,6,0.246,0,0,0,0,0,0,0,0,0,0,0,0,0,14,0
0,206,0.248739,2.643809E-05,248.4,-0.0006103609,6,6,0.2472,0,0,0,0,0,0,0,0,0,0,0,0,0,14,0
0,207,0.2496591,2.762811E-05,249.6,-0.0009155413,6,6,0.2484,0,0,0,0,0,0,0,0,0,0,0,0,0,14,0
0,208,0.2511926,2.359185E-05,250.8,-0.0009155413,6,6,0.2496,0,0,0,0,0,0,0,0,0,0,0,0,0,14,0
0,209,0.2521127,2.790415E-05,252,-0.0009155413,6,6,0.2508,0,0,0,0,0,0,0,0,0,0,0,0,0,14,0
0,210,0.2533396,2.547503E-05,253.2,-0.0009155413,6,6,0.252,0,0,0,0,0,0,0,0,0,0,0,0,0,14,0
0,211,0.2542597,2.673866E-05,254.4,-0.0009155413,6,6,0.2532,0,0,0,0,0,0,0,0,0,0,0,0,0,14,0
0,212,0.2554865,2.940087E-05,255.6,-0.0009155413,6,6,0.2544,0,0,0,0,0,0,0,0,0,0,0,0,0,14,0
0,213,0.2567133,2.862184E-05,256.8,-0.0006103609,6,6,0.2556,0,0,0,0,0,0,0,0,0,0,0,0,0,14,0
0,214,0.2579401,3.013083E-05,258,-0.0009155413,6,6,0.2568,0,0,0,0,0,0,0,0,0,0,0,0,0,14,0
0,215,0.2594737,3.171957E-05,259.2,-0.0006103609,6,6,0.258,0,0,0,0,0,0,0,0,0,0,0,0,0,14,0
0,216,0.2607005,3.517922E-05,260.4,-0.0009155413,6,6,0.2592,0,0,0,0,0,0,0,0,0,0,0,0,0,14,0
0,217,0.2613139,3.679863E-05,261.6,-0.0009155413,6,6,0.2604,0,0,0,0,0,0,0,0,0,0,0,0,0,14,0
0,218,0.2625408,3.573129E-05,262.8,-0.0006103609,6,6,0.2616,0,0,0,0,0,0,0,0,0,0,0,0,0,14,0
0,219,0.2637676,3.633244E-05,264,-0.0006103609,6,6,0.2628,0,0,0,0,0,0,0,0,0,0,0,0,0,14,0
0,220,0.2653011,3.751019E-05,265.2,-0.0006103609,6,6,0.264,0,0,0,0,0,0,0,0,0,0,0,0,0,14,0
0,221,0.2665279,3.401373E-05,266.4,-0.0006103609,6,6,0.2652,0,0,0,0,0,0,0,0,0,0,0,0,0,14,0
0,222,0.267448,3.648579E-05,267.6,-0.0006103609,6,6,0.2664,0,0,0,0,0,0,0,0,0,0,0,0,0,14,0
0,223,0.2686749,3.414868E-05,268.8,-0.0009155413,6,6,0.2676,0,0,0,0,0,0,0,0,0,0,0,0,0,14,0
0,224,0.269595,3.65778E-05,270,-0.0006103609,6,6,0.2688,0,0,0,0,0,0,0,0,0,0,0,0,0,14,0
0,225,0.2708218,3.338192E-05,271.2,-0.0006103609,6,6,0.27,0,0,0,0,0,0,0,0,0,0,0,0,0,14,0
0,226,0.2723553,3.497679E-05,272.4,-0.0009155413,6,6,0.2712,0,0,0,0,0,0,0,0,0,0,0,0,0,14,0
0,227,0.2735822,3.336965E-05,273.6,-0.0009155413,6,6,0.2724,0,0,0,0,0,0,0,0,0,0,0,0,0,14,0
0,228,0.2745023,3.054182E-05,274.8,-0.0009155413,6,6,0.2736,0,0,0,0,0,0,0,0,0,0,0,0,0,14,0
0,229,0.2757291,3.5535E-05,276,-0.0006103609,6,6,0.2748,0,0,0,0,0,0,0,0,0,0,0,0,0,14,0
0,230,0.2769559,3.334512E-05,277.2,-0.0009155413,6,6,0.276,0,0,0,0,0,0,0,0,0,0,0,0,0,14,0
0,231,0.2784895,3.468235E-05,278.4,-0.0006103609,6,6,0.2772,0,0,0,0,0,0,0,0,0,0,0,0,0,14,0
0,232,0.2791029,3.208149E-05,279.6,-0.0006103609,6,6,0.2784,0,0,0,0,0,0,0,0,0,0,0,0,0,14,0
0,233,0.2809431,3.660847E-05,280.8,-0.0009155413,6,6,0.2796,0,0,0,0,0,0,0,0,0,0,0,0,0,14,0
0,234,0.2821699,3.543072E-05,282,-0.0006103609,6,6,0.2808,0,0,0,0,0,0,0,0,0,0,0,0,0,14,0
0,235,0.2827834,3.838737E-05,283.2,-0.0006103609,6,6,0.282,0,0,0,0,0,0,0,0,0,0,0,0,0,14,0
0,236,0.2840102,3.743044E-05,284.4,-0.0006103609,6,6,0.2832,0,0,0,0,0,0,0,0,0,0,0,0,0,14,0
0,237,0.2858504,3.936269E-05,285.6,-0.0006103609,6,6,0.2844,0,0,0,0,0,0,0,0,0,0,0,0,0,14,0
0,238,0.2864638,3.876768E-05,286.8,-0.0009155413,6,6,0.2856,0,0,0,0,0,0,0,0,0,0,0,0,0,14,0
0,239,0.2879974,4.204331E-05,288,-0.0006103609,6,6,0.2868,0,0,0,0,0,0,0,0,0,0,0,0,0,14,0
0,240,0.2892242,4.055271E-05,289.2,-0.0006103609,6,6,0.288,0,0,0,0,0,0,0,0,0,0,0,0,0,14,0
0,241,0.2901443,4.350936E-05,290.4,-0.0009155413,6,6,0.2892,0,0,0,0,0,0,0,0,0,0,0,0,0,14,0
0,242,0.2916779,4.393262E-05,291.6,-0.0009155413,6,6,0.2904,0,0,0,0,0,0,0,0,0,0,0,0,0,14,0
0,243,0.292598,4.252177E-05,292.8,-0.0006103609,6,6,0.2916,0,0,0,0,0,0,0,0,0,0,0,0,0,14,0
0,244,0.2938248,4.466872E-05,294,-0.0006103609,6,6,0.2928,0,0,0,0,0,0,0,0,0,0,0,0,0,14,0
0,245,0.2947449,4.562564E-05,295.2,-0.0006103609,6,6,0.294,0,0,0,0,0,0,0,0,0,0,0,0,0,14,0
0,246,0.2962784,4.232548E-05,296.4,-0.0009155413,6,6,0.2952,0,0,0,0,0,0,0,0,0,0,0,0,0,14,0
0,247,0.2975053,4.187769E-05,297.6,-0.0009155413,6,6,0.2964,0,0,0,0,0,0,0,0,0,0,0,0,0,14,0
0,248,0.2987321,4.330694E-05,298.8,-0.0009155413,6,6,0.2976,0,0,0,0,0,0,0,0,0,0,0,0,0,14,0
0,249,0.3005723,4.285914E-05,300,-0.0009155413,6,6,0.2988,0,0,0,0,0,0,0,0,0,0,0,0,0,14,0
0,250,0.3005723,4.259538E-05,301.2,-0.0006103609,6,6,0.3,0,0,0,0,0,0,0,0,0,0,0,0,0,14,0
0,251,0.3021059,4.236228E-05,302.4,-0.0009155413,6,6,0.3012,0,0,0,0,0,0,0,0,0,0,0,0,0,14,0
0,252,0.3036394,3.977368E-05,303.6,-0.0006103609,6,6,0.3024,0,0,0,0,0,0,0,0,0,0,0,0,0,14,0
0,253,0.3048662,3.971847E-05,304.8,-0.0009155413,6,6,0.3036,0,0,0,0,0,0,0,0,0,0,0,0,0,14,0
0,254,0.3063998,3.93811E-05,306,-0.0006103609,6,6,0.3048,0,0,0,0,0,0,0,0,0,0,0,0,0,14,0
0,255,0.3070132,4.260151E-05,307.2,-0.0006103609,6,6,0.306,0,0,0,0,0,0,0,0,0,0,0,0,0,14,0
0,256,0.30824,4.361364E-05,308.4,-0.0006103609,6,6,0.3072,0,0,0,0,0,0,0,0,0,0,0,0,0,14,0
0,257,0.3091601,4.290208E-05,309.6,-0.0006103609,6,6,0.3084,0,0,0,0,0,0,0,0,0,0,0,0,0,14,0
0,258,0.3106937,4.620838E-05,310.8,-0.0006103609,6,6,0.3096,0,0,0,0,0,0,0,0,0,0,0,0,0,14,0
0,259,0.3119205,4.897487E-05,312,-0.0006103609,6,6,0.3108,0,0,0,0,0,0,0,0,0,0,0,0,0,14,0
0,260,0.313454,4.932452E-05,313.2,-0.0009155413,6,6,0.312,0,0,0,0,0,0,0,0,0,0,0,0,0,14,0
0,261,0.3140674,4.839213E-05,314.4,-0.0009155413,6,6,0.3132,0,0,0,0,0,0,0,0,0,0,0,0,0,14,0
0,262,0.3149875,4.834919E-05,315.6,-0.0009155413,6,6,0.3144,0,0,0,0,0,0,0,0,0,0,0,0,0,14,0
0,263,0.316521,4.604276E-05,316.8,-0.0009155413,6,6,0.3156,0,0,0,0,0,0,0,0,0,0,0,0,0,14,0
0,264,0.3177479,4.714077E-05,318,-0.0009155413,6,6,0.3168,0,0,0,0,0,0,0,0,0,0,0,0,0,14,0
0,265,0.3192814,4.104344E-05,319.2,-0.0009155413,6,6,0.318,0,0,0,0,0,0,0,0,0,0,0,0,0,14,0
0,266,0.3205082,4.598755E-05,320.4,-0.0006103609,6,6,0.3192,0,0,0,0,0,0,0,0,0,0,0,0,0,14,0
0,267,0.3217351,4.414118E-05,321.6,-0.0006103609,6,6,0.3204,0,0,0,0,0,0,0,0,0,0,0,0,0,14,0
0,268,0.3223485,4.549682E-05,322.8,-0.0006103609,6,6,0.3216,0,0,0,0,0,0,0,0,0,0,0,0,0,14,0
0,269,0.323882,4.682179E-05,324,-0.0006103609,6,6,0.3228,0,0,0,0,0,0,0,0,0,0,0,0,0,14,0
0,270,0.3251088,4.730639E-05,325.2,-0.0009155413,6,6,0.324,0,0,0,0,0,0,0,0,0,0,0,0,0,14,0
0,271,0.3269491,4.830012E-05,326.4,-0.0006103609,6,6,0.3252,0,0,0,0,0,0,0,0,0,0,0,0,0,14,0
0,272,0.3272558,5.222596E-05,327.6,-0.0006103609,6,6,0.3264,0,0,0,0,0,0,0,0,0,0,0,0,0,14,0
0,273,0.3287893,5.158801E-05,328.8,-0.0009155413,6,6,0.3276,0,0,0,0,0,0,0,0,0,0,0,0,0,14,0
0,274,0.3300161,5.363067E-05,330,-0.0009155413,6,6,0.3288,0,0,0,0,0,0,0,0,0,0,0,0,0,14,0
0,275,0.3309363,5.372882E-05,331.2,-0.0006103609,6,6,0.33,0,0,0,0,0,0,0,0,0,0,0,0,0,14,0
0,276,0.3324698,5.077217E-05,332.4,-0.0009155413,6,6,0.3312,0,0,0,0,0,0,0,0,0,0,0,0,0,14,0
0,277,0.3333899,5.222596E-05,333.6,-0.0006103609,6,6,0.3324,0,0,0,0,0,0,0,0,0,0,0,0,0,14,0
0,278,0.3349234,5.037345E-05,334.8,-0.0006103609,6,6,0.3336,0,0,0,0,0,0,0,0,0,0,0,0,0,14,0
0,279,0.3358436,5.15696E-05,336,-0.0009155413,6,6,0.3348,0,0,0,0,0,0,0,0,0,0,0,0,0,14,0
0,280,0.3370704,4.949014E-05,337.2,-0.0009155413,6,6,0.336,0,0,0,0,0,0,0,0,0,0,0,0,0,14,0
0,281,0.3379905,4.983365E-05,338.4,-0.0009155413,6,6,0.3372,0,0,0,0,0,0,0,0,0,0,0,0,0,14,0
0,282,0.3392173,4.738E-05,339.6,-0.0006103609,6,6,0.3384,0,0,0,0,0,0,0,0,0,0,0,0,0,14,0
0,283,0.3413643,5.034278E-05,340.8,-0.0006103609,6,6,0.3396,0,0,0,0,0,0,0,0,0,0,0,0,0,14,0
0,284,0.341671,4.76315E-05,342,-0.0009155413,6,6,0.3408,0,0,0,0,0,0,0,0,0,0,0,0,0,14,0
0,285,0.3435112,4.938586E-05,343.2,-0.0009155413,6,6,0.342,0,0,0,0,0,0,0,0,0,0,0,0,0,14,0
0,286,0.3441246,5.080898E-05,344.4,-0.0006103609,6,6,0.3432,0,0,0,0,0,0,0,0,0,0,0,0,0,14,0
0,287,0.3453515,5.284551E-05,345.6,-0.0009155413,6,6,0.3444,0,0,0,0,0,0,0,0,0,0,0,0,0,14,0
0,288,0.346885,5.107888E-05,346.8,-0.0006103609,6,6,0.3456,0,0,0,0,0,0,0,0,0,0,0,0,0,14,0
0,289,0.3478051,5.469801E-05,348,-0.0006103609,6,6,0.3468,0,0,0,0,0,0,0,0,0,0,0,0,0,14,0
0,290,0.3487252,5.283937E-05,349.2,-0.0009155413,6,6,0.348,0,0,0,0,0,0,0,0,0,0,0,0,0,14,0
0,291,0.3502588,5.417661E-05,350.4,-0.0009155413,6,6,0.3492,0,0,0,0,0,0,0,0,0,0,0,0,0,14,0
0,292,0.3517923,5.494951E-05,351.6,-0.0009155413,6,6,0.3504,0,0,0,0,0,0,0,0,0,0,0,0,0,14,0
0,293,0.3527124,5.706578E-05,352.8,-0.0009155413,6,6,0.3516,0,0,0,0,0,0,0,0,0,0,0,0,0,14,0
0,294,0.3539392,5.748291E-05,354,-0.0009155413,6,6,0.3528,0,0,0,0,0,0,0,0,0,0,0,0,0,14,0
0,295,0.355166,6.029847E-05,355.2,-0.0009155413,6,6,0.354,0,0,0,0,0,0,0,0,0,0,0,0,0,14,0
0,296,0.3560862,5.846436E-05,356.4,-0.0006103609,6,6,0.3552,0,0,0,0,0,0,0,0,0,0,0,0,0,14,0
0,297,0.3576197,6.070946E-05,357.6,-0.0006103609,6,6,0.3564,0,0,0,0,0,0,0,0,0,0,0,0,0,14,0
0,298,0.3585398,6.28748E-05,358.8,-0.0006103609,6,6,0.3576,0,0,0,0,0,0,0,0,0,0,0,0,0,14,0
0,299,0.3600734,5.780188E-05,360,-0.0009155413,6,6,0.3588,0,0,0,0,0,0,0,0,0,0,0,0,0,14,0
0,300,0.3613002,6.124926E-05,361.2,-0.0006103609,6,6,0.36,0,0,0,0,0,0,0,0,0,0,0,0,0,14,0
0,301,0.362527,5.713939E-05,362.4,-0.0006103609,6,6,0.3612,0,0,0,0,0,0,0,0,0,0,0,0,0,14,0
0,302,0.3634471,6.056837E-05,363.6,-0.001220722,6,6,0.3628883,0,0,0,0,0,0,0,0,0,0,0,0,0,14,0
0,303,0.3649807,5.792456E-05,364.8,-0.0006103609,6,6,0.3636,0,0,0,0,0,0,0,0,0,0,0,0,0,14,0
0,304,0.3662075,6.037208E-05,366,-0.0006103609,6,6,0.3648,0,0,0,0,0,0,0,0,0,0,0,0,0,14,0
0,305,0.3671276,5.970959E-05,367.2,-0.0006103609,6,6,0.366,0,0,0,0,0,0,0,0,0,0,0,0,0,14,0
0,306,0.3683544,5.918206E-05,368.4,-0.0009155413,6,6,0.3672,0,0,0,0,0,0,0,0,0,0,0,0,0,14,0
0,307,0.3692746,5.823127E-05,369.6,-0.0006103609,6,6,0.3684,0,0,0,0,0,0,0,0,0,0,0,0,0,14,0
0,308,0.3705014,5.840302E-05,370.8,-0.0006103609,6,6,0.3696,0,0,0,0,0,0,0,0,0,0,0,0,0,14,0
0,309,0.3723416,5.559359E-05,372,-0.0006103609,6,6,0.3708,0,0,0,0,0,0,0,0,0,0,0,0,0,14,0
0,310,0.3732617,5.624994E-05,373.2,-0.0009155413,6,6,0.372,0,0,0,0,0,0,0,0,0,0,0,0,0,14,0
0,311,0.3738751,5.964212E-05,374.4,-0.0009155413,6,6,0.3732,0,0,0,0,0,0,0,0,0,0,0,0,0,14,0
0,312,0.3754087,5.509673E-05,375.6,-0.0009155413,6,6,0.3744,0,0,0,0,0,0,0,0,0,0,0,0,0,14,0
0,313,0.3763288,5.797977E-05,376.8,-0.0006103609,6,6,0.3756,0,0,0,0,0,0,0,0,0,0,0,0,0,14,0
0,314,0.378169,6.066038E-05,378,-0.0009155413,6,6,0.3768,0,0,0,0,0,0,0,0,0,0,0,0,0,14,0
0,315,0.3790891,6.063584E-05,379.2,-0.0006103609,6,6,0.378,0,0,0,0,0,0,0,0,0,0,0,0,0,14,0
0,316,0.380316,6.188107E-05,380.4,-0.0006103609,6,6,0.3792,0,0,0,0,0,0,0,0,0,0,0,0,0,14,0
0,317,0.3815428,6.177066E-05,381.6,-0.0006103609,6,6,0.3804,0,0,0,0,0,0,0,0,0,0,0,0,0,14,0
0,318,0.3827696,6.245155E-05,382.8,-0.0009155413,6,6,0.3816,0,0,0,0,0,0,0,0,0,0,0,0,0,14,0
0,319,0.3839965,6.302816E-05,384,-0.0009155413,6,6,0.3828,0,0,0,0,0,0,0,0,0,0,0,0,0,14,0
0,320,0.3849166,6.239021E-05,385.2,-0.0006103609,6,6,0.384,0,0,0,0,0,0,0,0,0,0,0,0,0,14,0
0,321,0.3864501,6.507695E-05,386.4,-0.0009155413,6,6,0.3852,0,0,0,0,0,0,0,0,0,0,0,0,0,14,0
0,322,0.3873702,6.651234E-05,387.6,-0.0009155413,6,6,0.3864,0,0,0,0,0,0,0,0,0,0,0,0,0,14,0
0,323,0.388597,6.708282E-05,388.8,-0.0009155413,6,6,0.3876,0,0,0,0,0,0,0,0,0,0,0,0,0,14,0
0,324,0.3898239,6.711348E-05,390,-0.0006103609,6,6,0.3888,0,0,0,0,0,0,0,0,0,0,0,0,0,14,0
0,325,0.3913574,6.864088E-05,391.2,-0.0006103609,6,6,0.39,0,0,0,0,0,0,0,0,0,0,0,0,0,14,0
0,326,0.3919708,6.726071E-05,392.4,-0.0006103609,6,6,0.3912,0,0,0,0,0,0,0,0,0,0,0,0,0,14,0
0,327,0.3935044,6.637126E-05,393.6,-0.0009155413,6,6,0.3924,0,0,0,0,0,0,0,0,0,0,0,0,0,14,0
0,328,0.3944245,6.604614E-05,394.8,-0.0006103609,6,6,0.3936,0,0,0,0,0,0,0,0,0,0,0,0,0,14,0
0,329,0.3962647,6.635899E-05,396,-0.0009155413,6,6,0.3948,0,0,0,0,0,0,0,0,0,0,0,0,0,14,0
0,330,0.3968781,6.120018E-05,397.2,-0.0006103609,6,6,0.396,0,0,0,0,0,0,0,0,0,0,0,0,0,14,0
0,331,0.3981049,6.489906E-05,398.4,-0.0009155413,6,6,0.3972,0,0,0,0,0,0,0,0,0,0,0,0,0,14,0
0,332,0.3996385,6.525484E-05,399.6,-0.0009155413,6,6,0.3984,0,0,0,0,0,0,0,0,0,0,0,0,0,14,0
0,333,0.4005586,6.819922E-05,400.8,-0.0009155413,6,6,0.3996,0,0,0,0,0,0,0,0,0,0,0,0,0,14,0
0,334,0.4014787,6.806428E-05,402,-0.0006103609,6,6,0.4008,0,0,0,0,0,0,0,0,0,0,0,0,0,14,0
0,335,0.4033189,6.822989E-05,403.2,-0.0009155413,6,6,0.402,0,0,0,0,0,0,0,0,0,0,0,0,0,14,0
0,336,0.4042391,7.035844E-05,404.4,-0.0009155413,6,6,0.4032,0,0,0,0,0,0,0,0,0,0,0,0,0,14,0
0,337,0.4051592,6.958553E-05,405.6,-0.0009155413,6,6,0.4044,0,0,0,0,0,0,0,0,0,0,0,0,0,14,0
0,338,0.4066927,7.274461E-05,406.8,-0.0009155413,6,6,0.4056,0,0,0,0,0,0,0,0,0,0,0,0,0,14,0
0,339,0.4076128,7.205759E-05,408,-0.0009155413,6,6,0.4068,0,0,0,0,0,0,0,0,0,0,0,0,0,14,0
0,340,0.4091464,7.697716E-05,409.2,-0.0006103609,6,6,0.408,0,0,0,0,0,0,0,0,0,0,0,0,0,14,0
0,341,0.4097598,7.566446E-05,410.4,-0.0009155413,6,6,0.4092,0,0,0,0,0,0,0,0,0,0,0,0,0,14,0
0,342,0.4116,7.503878E-05,411.6,-0.0009155413,6,6,0.4104,0,0,0,0,0,0,0,0,0,0,0,0,0,14,0
0,343,0.4122134,7.405732E-05,412.8,-0.0006103609,6,6,0.4116,0,0,0,0,0,0,0,0,0,0,0,0,0,14,0
0,344,0.413747,7.502038E-05,414,-0.0009155413,6,6,0.4128,0,0,0,0,0,0,0,0,0,0,0,0,0,14,0
0,345,0.4146671,7.395304E-05,415.2,-0.0006103609,6,6,0.414,0,0,0,0,0,0,0,0,0,0,0,0,0,14,0
0,346,0.4158939,7.597116E-05,416.4,-0.0009155413,6,6,0.4152,0,0,0,0,0,0,0,0,0,0,0,0,0,14,0
0,347,0.4171208,7.603864E-05,417.6,-0.0009155413,6,6,0.4164,0,0,0,0,0,0,0,0,0,0,0,0,0,14,0
0,348,0.418961,7.818559E-05,418.8,-0.0006103609,6,6,0.4176,0,0,0,0,0,0,0,0,0,0,0,0,0,14,0
0,349,0.4201878,7.616132E-05,420,-0.0009155413,6,6,0.4188,0,0,0,0,0,0,0,0,0,0,0,0,0,14,0
0,350,0.4214146,7.841868E-05,421.2,-0.0006103609,6,6,0.42,0,0,0,0,0,0,0,0,0,0,0,0,0,14,0
0,351,0.422028,7.401437E-05,422.4,-0.0009155413,6,6,0.4212,0,0,0,0,0,0,0,0,0,0,0,0,0,14,0
0,352,0.4235616,7.776846E-05,423.6,-0.0006103609,6,6,0.4224,0,0,0,0,0,0,0,0,0,0,0,0,0,14,0
0,353,0.4247884,7.894621E-05,424.8,-0.0009155413,6,6,0.4236,0,0,0,0,0,0,0,0,0,0,0,0,0,14,0
0,354,0.4257085,7.683608E-05,426,-0.0009155413,6,6,0.4248,0,0,0,0,0,0,0,0,0,0,0,0,0,14,0
0,355,0.4269353,7.760897E-05,427.2,-0.0006103609,6,6,0.426,0,0,0,0,0,0,0,0,0,0,0,0,0,14,0
0,356,0.4281622,7.552337E-05,428.4,-0.0009155413,6,6,0.4272,0,0,0,0,0,0,0,0,0,0,0,0,0,14,0
0,357,0.429389,7.333349E-05,429.6,-0.0006103609,6,6,0.4284,0,0,0,0,0,0,0,0,0,0,0,0,0,14,0
0,358,0.4306158,7.441923E-05,430.8,-0.0006103609,6,6,0.4296,0,0,0,0,0,0,0,0,0,0,0,0,0,14,0
0,359,0.4321494,7.630854E-05,432,-0.0006103609,6,6,0.4308,0,0,0,0,0,0,0,0,0,0,0,0,0,14,0
0,360,0.4327628,7.639442E-05,433.2,-0.0006103609,6,6,0.432,0,0,0,0,0,0,0,0,0,0,0,0,0,14,0
0,361,0.4342963,7.955963E-05,434.4,-0.0009155413,6,6,0.4332,0,0,0,0,0,0,0,0,0,0,0,0,0,14,0
0,362,0.4355231,8.022211E-05,435.6,-0.0009155413,6,6,0.4344,0,0,0,0,0,0,0,0,0,0,0,0,0,14,0
0,363,0.4370567,8.21789E-05,436.8,-0.0009155413,6,6,0.4356,0,0,0,0,0,0,0,0,0,0,0,0,0,14,0
0,364,0.4373634,8.151642E-05,438,-0.0006103609,6,6,0.4368,0,0,0,0,0,0,0,0,0,0,0,0,0,14,0
0,365,0.4392036,8.407435E-05,439.2,-0.0009155413,6,6,0.438,0,0,0,0,0,0,0,0,0,0,0,0,0,14,0
0,366,0.4401237,8.220957E-05,440.4,-0.0006103609,6,6,0.4392,0,0,0,0,0,0,0,0,0,0,0,0,0,14,0
0,367,0.4413505,8.209302E-05,441.6,-0.0006103609,6,6,0.4404,0,0,0,0,0,0,0,0,0,0,0,0,0,14,0
0,368,0.4428841,7.977432E-05,442.8,-0.0006103609,6,6,0.4416,0,0,0,0,0,0,0,0,0,0,0,0,0,14,0
0,369,0.4438042,8.204395E-05,444,-0.0006103609,6,6,0.4428,0,0,0,0,0,0,0,0,0,0,0,0,0,14,0
0,370,0.445031,8.032639E-05,445.2,-0.0009155413,6,6,0.444,0,0,0,0,0,0,0,0,0,0,0,0,0,14,0
0,371,0.4465646,8.311128E-05,446.4,-0.0006103609,6,6,0.4452,0,0,0,0,0,0,0,0,0,0,0,0,0,14,0
0,372,0.447178,8.517849E-05,447.6,-0.0006103609,6,6,0.4464,0,0,0,0,0,0,0,0,0,0,0,0,0,14,0
0,373,0.4484048,8.943557E-05,448.8,-0.0009155413,6,6,0.4476,0,0,0,0,0,0,0,0,0,0,0,0,0,14,0
0,374,0.4496316,9.112859E-05,450,-0.0009155413,6,6,0.4488,0,0,0,0,0,0,0,0,0,0,0,0,0,14,0
0,375,0.4514719,8.765668E-05,451.2,-0.0009155413,6,6,0.45,0,0,0,0,0,0,0,0,0,0,0,0,0,14,0
0,376,0.452392,8.68163E-05,452.4,-0.0006103609,6,6,0.4512,0,0,0,0,0,0,0,0,0,0,0,0,0,14,0
0,377,0.4536188,8.933742E-05,453.6,-0.0006103609,6,6,0.4524,0,0,0,0,0,0,0,0,0,0,0,0,0,14,0
0,378,0.4548456,8.968707E-05,454.8,-0.0006103609,6,6,0.4536,0,0,0,0,0,0,0,0,0,0,0,0,0,14,0
0,379,0.4557658,8.763214E-05,456,-0.0006103609,6,6,0.4548,0,0,0,0,0,0,0,0,0,0,0,0,0,14,0
0,380,0.4566859,8.782229E-05,457.2,-0.0006103609,6,6,0.456,0,0,0,0,0,0,0,0,0,0,0,0,0,14,0
0,381,0.4579127,8.531957E-05,458.4,-0.0009155413,6,6,0.4572,0,0,0,0,0,0,0,0,0,0,0,0,0,14,0
0,382,0.4591395,8.961959E-05,459.6,-0.0006103609,6,6,0.4584,0,0,0,0,0,0,0,0,0,0,0,0,0,14,0
0,383,0.4609798,8.433198E-05,460.8,-0.0006103609,6,6,0.4596,0,0,0,0,0,0,0,0,0,0,0,0,0,14,0
0,384,0.4615932,8.935582E-05,462,-0.0009155413,6,6,0.4608,0,0,0,0,0,0,0,0,0,0,0,0,0,14,0
0,385,0.4631267,9.193216E-05,463.2,-0.0009155413,6,6,0.462,0,0,0,0,0,0,0,0,0,0,0,0,0,14,0
0,386,0.4643535,9.09139E-05,464.4,-0.0006103609,6,6,0.4632,0,0,0,0,0,0,0,0,0,0,0,0,0,14,0
0,387,0.4649669,9.156411E-05,465.6,-0.001220722,6,6,0.4644,0,0,0,0,0,0,0,0,0,0,0,0,0,14,0
0,388,0.4665005,9.360678E-05,466.8,-0.0009155413,6,6,0.4656,0,0,0,0,0,0,0,0,0,0,0,0,0,14,0
0,389,0.4677273,9.465571E-05,468,-0.0006103609,6,6,0.4668,0,0,0,0,0,0,0,0,0,0,0,0,0,14,0
0,390,0.4692608,9.793133E-05,469.2,-0.0006103609,6,6,0.468,0,0,0,0,0,0,0,0,0,0,0,0,0,14,0
0,391,0.4698742,9.583346E-05,470.4,-0.0006103609,6,6,0.4692,0,0,0,0,0,0,0,0,0,0,0,0,0,14,0
0,392,0.4717145,0.0001012131,471.6,-0.0009155413,6,6,0.4704,0,0,0,0,0,0,0,0,0,0,0,0,0,14,0
0,393,0.4726346,0.0001005874,472.8,-0.0006103609,6,6,0.4716,0,0,0,0,0,0,0,0,0,0,0,0,0,14,0
0,394,0.4738614,9.913976E-05,474,-0.0003051804,6,6,0.4728,0,0,0,0,0,0,0,0,0,0,0,0,0,14,0
0,395,0.4753949,9.939126E-05,475.2,-0.0006103609,6,6,0.474,0,0,0,0,0,0,0,0,0,0,0,0,0,14,0
0,396,0.4760084,9.918883E-05,476.4,-0.0009155413,6,6,0.4752,0,0,0,0,0,0,0,0,0,0,0,0,0,14,0
0,397,0.4775419,9.845274E-05,477.6,-0.0009155413,6,6,0.4764,0,0,0,0,0,0,0,0,0,0,0,0,0,14,0
0,398,0.478462,9.867357E-05,478.8,-0.0009155413,6,6,0.4776,0,0,0,0,0,0,0,0,0,0,0,0,0,14,0
0,399,0.4803022,9.837299E-05,480,-0.0006103609,6,6,0.4788,0,0,0,0,0,0,0,0,0,0,0,0,0,14,0
0,400,0.4812224,9.709709E-05,481.2,-0.0006103609,6,6,0.48,0,0,0,0,0,0,0,0,0,0,0,0,0,14,0
0,401,0.4821425,0.0001013174,482.4,-0.0009155413,6,6,0.4812,0,0,0,0,0,0,0,0,0,0,0,0,0,14,0
0,402,0.483676,0.0001015321,483.6,-0.0009155413,6,6,0.4824,0,0,0,0,0,0,0,0,0,0,0,0,0,14,0
0,403,0.4849028,0.0001024461,484.8,-0.0009155413,6,6,0.4836,0,0,0,0,0,0,0,0,0,0,0,0,0,14,0
0,404,0.485823,0.0001032558,486,-0.0006103609,6,6,0.4848,0,0,0,0,0,0,0,0,0,0,0,0,0,14,0
0,405,0.4870498,0.0001053475,487.2,-0.0009155413,6,6,0.486,0,0,0,0,0,0,0,0,0,0,0,0,0,14,0
0,406,0.4882766,0.0001073043,488.4,-0.0009155413,6,6,0.4872,0,0,0,0,0,0,0,0,0,0,0,0,0,14,0
0,407,0.4891967,0.0001123956,489.6,-0.0006103609,6,6,0.4884,0,0,0,0,0,0,0,0,0,0,0,0,0,14,0
0,408,0.4907303,0.0001097825,490.8,-0.0006103609,6,6,0.4896,0,0,0,0,0,0,0,0,0,0,0,0,0,14,0
0,409,0.4919571,0.0001105922,492,-0.0009155413,6,6,0.4908,0,0,0,0,0,0,0,0,0,0,0,0,0,14,0
0,410,0.4928772,0.0001088071,493.2,-0.0009155413,6,6,0.492,0,0,0,0,0,0,0,0,0,0,0,0,0,14,0
0,411,0.494104,0.0001118619,494.4,-0.0006103609,6,6,0.4932,0,0,0,0,0,0,0,0,0,0,0,0,0,14,0
0,412,0.4956376,0.0001124692,495.6,-0.0009155413,6,6,0.4944,0,0,0,0,0,0,0,0,0,0,0,0,0,14,0
0,413,0.4968644,0.0001108314,496.8,-0.0006103609,6,6,0.4956,0,0,0,0,0,0,0,0,0,0,0,0,0,14,0
0,414,0.4977845,0.000112733,498,-0.0009155413,6,6,0.4968,0,0,0,0,0,0,0,0,0,0,0,0,0,14,0
0,415,0.4987046,0.0001111258,499.2,-0.0006103609,6,6,0.498,0,0,0,0,0,0,0,0,0,0,0,0,0,14,0
0,416,0.5005448,0.0001139353,500.4,-0.0006103609,6,6,0.4992,0,0,0,0,0,0,0,0,0,0,0,0,0,14,0
0,417,0.501465,0.0001147572,501.6,-0.0006103609,6,6,0.5004,0,0,0,0,0,0,0,0,0,0,0,0,0,14,0
0,418,0.5026918,0.0001171864,502.8,-0.0006103609,6,6,0.5016,0,0,0,0,0,0,0,0,0,0,0,0,0,14,0
0,419,0.5039186,0.0001157632,504,-0.0006103609,6,6,0.5028,0,0,0,0,0,0,0,0,0,0,0,0,0,14,0
0,420,0.504532,0.0001191984,505.2,-0.0006103609,6,6,0.504,0,0,0,0,0,0,0,0,0,0,0,0,0,14,0
0,421,0.5060656,0.0001186033,506.4,-0.0009155413,6,6,0.5052,0,0,0,0,0,0,0,0,0,0,0,0,0,14,0
0,422,0.5072924,0.0001210202,507.6,-0.0006103609,6,6,0.5064,0,0,0,0,0,0,0,0,0,0,0,0,0,14,0
0,423,0.5085192,0.0001222531,508.8,-0.0006103609,6,6,0.5076,0,0,0,0,0,0,0,0,0,0,0,0,0,14,0
0,424,0.5100527,0.0001286142,510,-0.0009155413,6,6,0.5088,0,0,0,0,0,0,0,0,0,0,0,0,0,14,0
0,425,0.5112796,0.000128878,511.2,-0.0009155413,6,6,0.5100001,0,0,0,0,0,0,0,0,0,0,0,0,0,14,0
0,426,0.5121997,0.0001269335,512.4,-0.0009155413,6,6,0.5112,0,0,0,0,0,0,0,0,0,0,0,0,0,14,0
0,427,0.5134265,0.0001297736,513.6,-0.0009155413,6,6,0.5124,0,0,0,0,0,0,0,0,0,0,0,0,0,14,0
0,428,0.5152668,0.0001282953,514.8,-0.0009155413,6,6,0.5136001,0,0,0,0,0,0,0,0,0,0,0,0,0,14,0
0,429,0.5155735,0.0001306569,516,-0.0009155413,6,6,0.5148,0,0,0,0,0,0,0,0,0,0,0,0,0,14,0
0,430,0.517107,0.0001312028,517.2,-0.0006103609,6,6,0.516,0,0,0,0,0,0,0,0,0,0,0,0,0,14,0
0,431,0.5186405,0.0001349324,518.4,-0.0009155413,6,6,0.5172001,0,0,0,0,0,0,0,0,0,0,0,0,0,14,0
0,432,0.519254,0.000134227,519.6,-0.0006103609,6,6,0.5184,0,0,0,0,0,0,0,0,0,0,0,0,0,14,0
0,433,0.5207875,0.0001354231,520.8,-0.0006103609,6,6,0.5196,0,0,0,0,0,0,0,0,0,0,0,0,0,14,0
0,434,0.5220143,0.000134638,522,-0.0006103609,6,6,0.5208001,0,0,0,0,0,0,0,0,0,0,0,0,0,14,0
0,435,0.5232412,0.000138024,523.2,-0.0009155413,6,6,0.522,0,0,0,0,0,0,0,0,0,0,0,0,0,14,0
0,436,0.5241613,0.0001348833,524.4,-0.0006103609,6,6,0.5232,0,0,0,0,0,0,0,0,0,0,0,0,0,14,0
0,437,0.5256948,0.0001392263,525.6,-0.0009155413,6,6,0.5244,0,0,0,0,0,0,0,0,0,0,0,0,0,14,0
0,438,0.5272283,0.0001421216,526.8,-0.0006103609,6,6,0.5256,0,0,0,0,0,0,0,0,0,0,0,0,0,14,0
0,439,0.527535,0.0001441152,528,-0.0003051804,6,6,0.5268,0,0,0,0,0,0,0,0,0,0,0,0,0,14,0
0,440,0.5290685,0.0001448819,529.2,-0.0009155413,6,6,0.528,0,0,0,0,0,0,0,0,0,0,0,0,0,14,0
0,441,0.5302954,0.0001480349,530.4,-0.0006103609,6,6,0.5292,0,0,0,0,0,0,0,0,0,0,0,0,0,14,0
0,442,0.5309088,0.0001496175,531.6,-0.0009155413,6,6,0.5304,0,0,0,0,0,0,0,0,0,0,0,0,0,14,0
0,443,0.5324423,0.000153942,532.8,-0.0009155413,6,6,0.5316,0,0,0,0,0,0,0,0,0,0,0,0,0,14,0
0,444,0.5339758,0.00015696,534,-0.0006103609,6,6,0.5328,0,0,0,0,0,0,0,0,0,0,0,0,0,14,0
0,445,0.5345893,0.0001581317,535.2,-0.0009155413,6,6,0.534,0,0,0,0,0,0,0,0,0,0,0,0,0,14,0
0,446,0.5361228,0.000159929,536.4,-0.0009155413,6,6,0.5352,0,0,0,0,0,0,0,0,0,0,0,0,0,14,0
0,447,0.5373496,0.0001647933,537.6,-0.0009155413,6,6,0.5364,0,0,0,0,0,0,0,0,0,0,0,0,0,14,0
0,448,0.5382698,0.0001636094,538.8,-0.0009155413,6,6,0.5376,0,0,0,0,0,0,0,0,0,0,0,0,0,14,0
0,449,0.54011,0.0001667317,540,-0.0009155413,6,6,0.5388,0,0,0,0,0,0,0,0,0,0,0,0,0,14,0
0,450,0.5410301,0.0001646216,541.2,-0.0006103609,6,6,0.54,0,0,0,0,0,0,0,0,0,0,0,0,0,14,0
0,451,0.5425636,0.000170265,542.4,-0.0006103609,6,6,0.5412,0,0,0,0,0,0,0,0,0,0,0,0,0,14,0
0,452,0.5437905,0.0001732339,543.6,-0.0006103609,6,6,0.5424,0,0,0,0,0,0,0,0,0,0,0,0,0,14,0
0,453,0.5447106,0.0001720009,544.8,-0.0009155413,6,6,0.5436,0,0,0,0,0,0,0,0,0,0,0,0,0,14,0
0,454,0.5459374,0.0001766076,546,-0.0006103609,6,6,0.5448,0,0,0,0,0,0,0,0,0,0,0,0,0,14,0
0,455,0.5474709,0.0001779326,547.2,-0.0009155413,6,6,0.546,0,0,0,0,0,0,0,0,0,0,0,0,0,14,0
0,456,0.548391,0.0001803188,548.4,-0.0006103609,6,6,0.5472,0,0,0,0,0,0,0,0,0,0,0,0,0,14,0
0,457,0.5493112,0.0001823431,549.6,-0.0006103609,6,6,0.5484,0,0,0,0,0,0,0,0,0,0,0,0,0,14,0
0,458,0.550538,0.0001870296,550.8,-0.0009155413,5,5,0.5496,0,0,0,0,0,0,0,0,0,0,0,0,0,14,0
0,459,0.5514581,0.0001866002,552,-0.0006103609,5,5,0.5508,0,0,0,0,0,0,0,0,0,0,0,0,0,14,0
0,460,0.5529916,0.0001900966,553.2,-0.0006103609,5,5,0.552,0,0,0,0,0,0,0,0,0,0,0,0,0,14,0
0,461,0.5539117,0.0001921209,554.4,-0.0006103609,5,5,0.5532,0,0,0,0,0,0,0,0,0,0,0,0,0,14,0
0,462,0.5554453,0.0001946972,555.6,-0.0006103609,5,5,0.5544,0,0,0,0,0,0,0,0,0,0,0,0,0,14,0
0,463,0.5563654,0.0001945132,556.8,-0.0009155413,5,5,0.5556,0,0,0,0,0,0,0,0,0,0,0,0,0,14,0
0,464,0.5575923,0.0001997885,558,-0.0006103609,5,5,0.5568,0,0,0,0,0,0,0,0,0,0,0,0,0,14,0
0,465,0.5588191,0.0002038371,559.2,-0.0006103609,5,5,0.558,0,0,0,0,0,0,0,0,0,0,0,0,0,14,0
0,466,0.5603526,0.0002087444,560.4,-0.0006103609,5,5,0.5592,0,0,0,0,0,0,0,0,0,0,0,0,0,14,0
0,467,0.5612727,0.000208131,561.6,-0.0009155413,5,5,0.5604,0,0,0,0,0,0,0,0,0,0,0,0,0,14,0
0,468,0.5628062,0.0002157373,562.8,-0.0009155413,5,5,0.5616,0,0,0,0,0,0,0,0,0,0,0,0,0,14,0
0,469,0.5637264,0.000216596,564,-0.0006103609,5,5,0.5628,0,0,0,0,0,0,0,0,0,0,0,0,0,14,0
0,470,0.5646465,0.0002233436,565.2,-0.0009155413,5,5,0.564,0,0,0,0,0,0,0,0,0,0,0,0,0,14,0
0,471,0.5664867,0.0002288643,566.4,-0.0006103609,5,5,0.5652,0,0,0,0,0,0,0,0,0,0,0,0,0,14,0
0,472,0.5674068,0.0002305205,567.6,-0.0009155413,5,5,0.5664001,0,0,0,0,0,0,0,0,0,0,0,0,0,14,0
0,473,0.5686337,0.0002369,568.8,-0.0006103609,5,5,0.5676,0,0,0,0,0,0,0,0,0,0,0,0,0,14,0
0,474,0.5698605,0.0002398444,570,-0.0003051804,5,5,0.5688,0,0,0,0,0,0,0,0,0,0,0,0,0,14,0
0,475,0.5710873,0.0002454878,571.2,-0.0006103609,5,5,0.5700001,0,0,0,0,0,0,0,0,0,0,0,0,0,14,0
0,476,0.5720074,0.0002505178,572.4,-0.0006103609,5,5,0.5712,0,0,0,0,0,0,0,0,0,0,0,0,0,14,0
0,477,0.573541,0.0002571426,573.6,-0.0006103609,5,5,0.5724,0,0,0,0,0,0,0,0,0,0,0,0,0,14,0
0,478,0.5747678,0.0002630927,574.8,-0.0009155413,5,5,0.5736001,0,0,0,0,0,0,0,0,0,0,0,0,0,14,0
0,479,0.5759946,0.0002671412,576,-0.0009155413,5,5,0.5748,0,0,0,0,0,0,0,0,0,0,0,0,0,14,0
0,480,0.5769147,0.0002744409,577.2,-0.0009155413,5,5,0.576,0,0,0,0,0,0,0,0,0,0,0,0,0,14,0
0,481,0.5784483,0.0002762197,578.4,-0.0009155413,5,5,0.5772001,0,0,0,0,0,0,0,0,0,0,0,0,0,14,0
0,482,0.5793684,0.0002784281,579.6,-0.0006103609,5,5,0.5784,0,0,0,0,0,0,0,0,0,0,0,0,0,14,0
0,483,0.5805952,0.0002864024,580.8,-0.001220722,5,5,0.5796,0,0,0,0,0,0,0,0,0,0,0,0,0,14,0
0,484,0.581822,0.0002903283,582,-0.0006103609,5,5,0.5808001,0,0,0,0,0,0,0,0,0,0,0,0,0,14,0
0,485,0.5833556,0.0002978119,583.2,-0.0006103609,5,5,0.582,0,0,0,0,0,0,0,0,0,0,0,0,0,14,0
0,486,0.5836623,0.0002998975,584.4,-0.0006103609,5,5,0.5832,0,0,0,0,0,0,0,0,0,0,0,0,0,14,0
0,487,0.5851958,0.000306277,585.6,-0.0006103609,5,5,0.5844,0,0,0,0,0,0,0,0,0,0,0,0,0,14,0
0,488,0.5867293,0.0003090987,586.8,-0.0006103609,5,5,0.5856,0,0,0,0,0,0,0,0,0,0,0,0,0,14,0
0,489,0.5876495,0.000316705,588,-0.001220722,5,5,0.5868,0,0,0,0,0,0,0,0,0,0,0,0,0,14,0
0,490,0.589183,0.0003233912,589.2,-0.0009155413,5,5,0.588,0,0,0,0,0,0,0,0,0,0,0,0,0,14,0
0,491,0.5897964,0.000331979,590.4,-0.0009155413,5,5,0.5892,0,0,0,0,0,0,0,0,0,0,0,0,0,14,0
0,492,0.5916367,0.0003403214,591.6,-0.0009155413,5,5,0.5904,0,0,0,0,0,0,0,0,0,0,0,0,0,14,0
0,493,0.5928635,0.000347621,592.8,-0.0009155413,5,5,0.5916,0,0,0,0,0,0,0,0,0,0,0,0,0,14,0
0,494,0.5940903,0.0003559021,594,-0.0006103609,5,5,0.5928,0,0,0,0,0,0,0,0,0,0,0,0,0,14,0
0,495,0.5950104,0.000362895,595.2,-0.0009155413,5,5,0.594,0,0,0,0,0,0,0,0,0,0,0,0,0,14,0
0,496,0.5962372,0.0003715441,596.4,-0.0006103609,5,5,0.5952,0,0,0,0,0,0,0,0,0,0,0,0,0,14,0
0,497,0.5974641,0.0003772488,597.6,-0.0009155413,5,5,0.5964,0,0,0,0,0,0,0,0,0,0,0,0,0,14,0
0,498,0.5983842,0.000386082,598.8,-0.0006103609,5,5,0.5976,0,0,0,0,0,0,0,0,0,0,0,0,0,14,0
0,499,0.6002244,0.0003932589,600,-0.0009155413,5,5,0.5988,0,0,0,0,0,0,0,0,0,0,0,0,0,14,0
0,500,0.6011446,0.0004045457,601.2,-0.0009155413,5,5,0.6,0,0,0,0,0,0,0,0,0,0,0,0,0,14,0
0,501,0.6023714,0.000411968,602.4,-0.0006103609,5,5,0.6012,0,0,0,0,0,0,0,0,0,0,0,0,0,14,0
0,502,0.6035982,0.0004209238,603.6,-0.0006103609,5,5,0.6024,0,0,0,0,0,0,0,0,0,0,0,0,0,14,0
0,503,0.6042116,0.0004294502,604.8,-0.0009155413,5,5,0.6036,0,0,0,0,0,0,0,0,0,0,0,0,0,14,0
0,504,0.6054384,0.0004399396,606,-0.0009155413,5,5,0.6048,0,0,0,0,0,0,0,0,0,0,0,0,0,14,0
0,505,0.6072786,0.0004481593,607.2,-0.0006103609,5,5,0.606,0,0,0,0,0,0,0,0,0,0,0,0,0,14,0
0,506,0.6081988,0.0004585873,608.4,-0.0006103609,5,5,0.6072,0,0,0,0,0,0,0,0,0,0,0,0,0,14,0
0,507,0.6091189,0.000465887,609.6,-0.0009155413,5,5,0.6084,0,0,0,0,0,0,0,0,0,0,0,0,0,14,0
0,508,0.6103457,0.0004772351,610.8,-0.0009155413,5,5,0.6096,0,0,0,0,0,0,0,0,0,0,0,0,0,14,0
0,509,0.6118793,0.0004883992,612,-0.0006103609,5,5,0.6108,0,0,0,0,0,0,0,0,0,0,0,0,0,14,0
0,510,0.6131061,0.0004972937,613.2,-0.0006103609,5,5,0.612,0,0,0,0,0,0,0,0,0,0,0,0,0,14,0
0,511,0.6146396,0.0005094393,614.4,-0.0006103609,5,5,0.6132,0,0,0,0,0,0,0,0,0,0,0,0,0,14,0
0,512,0.6155598,0.0005183951,615.6,-0.0009155413,5,5,0.6144,0,0,0,0,0,0,0,0,0,0,0,0,0,14,0
0,513,0.6164799,0.0005301726,616.8,-0.0009155413,5,5,0.6156,0,0,0,0,0,0,0,0,0,0,0,0,0,14,0
0,514,0.6177067,0.0005411527,618,-0.0006103609,5,5,0.6168,0,0,0,0,0,0,0,0,0,0,0,0,0,14,0
0,515,0.6192402,0.0005534209,619.2,-0.0009155413,5,5,0.618,0,0,0,0,0,0,0,0,0,0,0,0,0,14,0
0,516,0.6204671,0.0005643397,620.4,-0.0009155413,5,5,0.6192001,0,0,0,0,0,0,0,0,0,0,0,0,0,14,0
0,517,0.6207737,0.0005769146,621.6,-0.0009155413,5,5,0.6204,0,0,0,0,0,0,0,0,0,0,0,0,0,14,0
0,518,0.622614,0.0005873427,622.8,-0.0009155413,5,5,0.6216,0,0,0,0,0,0,0,0,0,0,0,0,0,14,0
0,519,0.6235341,0.0006017578,624,-0.0006103609,5,5,0.6228001,0,0,0,0,0,0,0,0,0,0,0,0,0,14,0
0,520,0.6250677,0.0006141488,625.2,-0.0006103609,5,5,0.624,0,0,0,0,0,0,0,0,0,0,0,0,0,14,0
0,521,0.6266012,0.0006278892,626.4,-0.0006103609,5,5,0.6252,0,0,0,0,0,0,0,0,0,0,0,0,0,14,0
0,522,0.6275213,0.0006406482,627.6,-0.0009155413,5,5,0.6264001,0,0,0,0,0,0,0,0,0,0,0,0,0,14,0
0,523,0.6290548,0.0006585599,628.8,-0.0009155413,5,5,0.6276,0,0,0,0,0,0,0,0,0,0,0,0,0,14,0
0,524,0.6293615,0.0006680678,630,-0.0006103609,5,5,0.6288,0,0,0,0,0,0,0,0,0,0,0,0,0,14,0
0,525,0.6305884,0.0006834031,631.2,-0.0009155413,5,5,0.6300001,0,0,0,0,0,0,0,0,0,0,0,0,0,14,0
0,526,0.6321219,0.000693095,632.4,-0.0006103609,5,5,0.6312,0,0,0,0,0,0,0,0,0,0,0,0,0,14,0
0,527,0.6333487,0.0007072035,633.6,-0.0006103609,5,5,0.6324,0,0,0,0,0,0,0,0,0,0,0,0,0,14,0
0,528,0.6348823,0.0007201465,634.8,-0.0006103609,5,5,0.6336001,0,0,0,0,0,0,0,0,0,0,0,0,0,14,0
0,529,0.6354957,0.0007338256,636,-0.0006103609,5,5,0.6348,0,0,0,0,0,0,0,0,0,0,0,0,0,14,0
0,530,0.6370292,0.0007473207,637.2,-0.0006103609,5,5,0.636,0,0,0,0,0,0,0,0,0,0,0,0,0,14,0
0,531,0.6379493,0.0007614292,638.4,-0.0009155413,5,5,0.6372001,0,0,0,0,0,0,0,0,0,0,0,0,0,14,0
0,532,0.6391761,0.0007738201,639.6,-0.0006103609,5,5,0.6384,0,0,0,0,0,0,0,0,0,0,0,0,0,14,0
0,533,0.640403,0.0007900756,640.8,-0.0009155413,5,5,0.6396,0,0,0,0,0,0,0,0,0,0,0,0,0,14,0
0,534,0.6419365,0.0008035706,642,-0.0009155413,5,5,0.6408001,0,0,0,0,0,0,0,0,0,0,0,0,0,14,0
0,535,0.6428566,0.0008179859,643.2,-0.0006103609,5,5,0.642,0,0,0,0,0,0,0,0,0,0,0,0,0,14,0
0,536,0.6443902,0.0008354681,644.4,-0.0009155413,5,5,0.6432,0,0,0,0,0,0,0,0,0,0,0,0,0,14,0
0,537,0.6459237,0.0008504967,645.6,-0.0006103609,5,5,0.6444001,0,0,0,0,0,0,0,0,0,0,0,0,0,14,0
0,538,0.6462304,0.0008666295,646.8,-0.0009155413,5,5,0.6456,0,0,0,0,0,0,0,0,0,0,0,0,0,14,0
0,539,0.6477639,0.0008831916,648,-0.0006103609,5,5,0.6468,0,0,0,0,0,0,0,0,0,0,0,0,0,14,0
0,540,0.648684,0.0008971774,649.2,-0.0009155413,5,5,0.648,0,0,0,0,0,0,0,0,0,0,0,0,0,14,0
0,541,0.6502175,0.000914905,650.4,-0.0006103609,5,5,0.6492,0,0,0,0,0,0,0,0,0,0,0,0,0,14,0
0,542,0.6511377,0.000930179,651.6,-0.0006103609,5,5,0.6504,0,0,0,0,0,0,0,0,0,0,0,0,0,14,0
0,543,0.6520578,0.0009403003,652.8,-0.0003051804,5,5,0.6516,0,0,0,0,0,0,0,0,0,0,0,0,0,14,0
0,544,0.6535913,0.0009602976,654,-0.0009155413,5,5,0.6528,0,0,0,0,0,0,0,0,0,0,0,0,0,14,0
0,545,0.6545115,0.0009715843,655.2,-0.0006103609,5,5,0.654,0,0,0,0,0,0,0,0,0,0,0,0,0,14,0
0,546,0.656045,0.0009885145,656.4,-0.0006103609,5,5,0.6552,0,0,0,0,0,0,0,0,0,0,0,0,0,14,0
0,547,0.6572718,0.001002132,657.6,-0.0009155413,5,5,0.6564,0,0,0,0,0,0,0,0,0,0,0,0,0,14,0
0,548,0.6584986,0.001017406,658.8,-0.0006103609,5,5,0.6576,0,0,0,0,0,0,0,0,0,0,0,0,0,14,0
0,549,0.6597254,0.001033846,660,-0.0006103609,5,5,0.6588,0,0,0,0,0,0,0,0,0,0,0,0,0,14,0
0,550,0.661259,0.001049242,661.2,-0.0009155413,5,5,0.66,0,0,0,0,0,0,0,0,0,0,0,0,0,14,0
0,551,0.6621791,0.001062738,662.4,-0.0009155413,5,5,0.6612,0,0,0,0,0,0,0,0,0,0,0,0,0,14,0
0,552,0.663406,0.001075926,663.6,-0.0006103609,5,5,0.6624,0,0,0,0,0,0,0,0,0,0,0,0,0,14,0
0,553,0.6646327,0.001093163,664.8,-0.0006103609,5,5,0.6636,0,0,0,0,0,0,0,0,0,0,0,0,0,14,0
0,554,0.6661663,0.001107517,666,-0.0006103609,5,5,0.6648,0,0,0,0,0,0,0,0,0,0,0,0,0,14,0
0,555,0.6670864,0.00112003,667.2,-0.0006103609,5,5,0.666,0,0,0,0,0,0,0,0,0,0,0,0,0,14,0
0,556,0.6680065,0.00113144,668.4,-0.0009155413,5,5,0.6672,0,0,0,0,0,0,0,0,0,0,0,0,0,14,0
0,557,0.6689267,0.001153645,669.6,-0.0009155413,5,5,0.6684,0,0,0,0,0,0,0,0,0,0,0,0,0,14,0
0,558,0.6704602,0.001163337,670.8,-0.0009155413,5,5,0.6696,0,0,0,0,0,0,0,0,0,0,0,0,0,14,0
0,559,0.6719937,0.001176832,672,-0.0006103609,5,5,0.6708,0,0,0,0,0,0,0,0,0,0,0,0,0,14,0
0,560,0.6729138,0.001191677,673.2,-0.0006103609,5,5,0.6720001,0,0,0,0,0,0,0,0,0,0,0,0,0,14,0
0,561,0.673834,0.00120646,674.4,-0.0006103609,5,5,0.6732,0,0,0,0,0,0,0,0,0,0,0,0,0,14,0
0,562,0.6750607,0.001219832,675.6,-0.0009155413,5,5,0.6744,0,0,0,0,0,0,0,0,0,0,0,0,0,14,0
0,563,0.6765943,0.001233634,676.8,-0.0006103609,5,5,0.6756001,0,0,0,0,0,0,0,0,0,0,0,0,0,14,0
0,564,0.6775144,0.001248233,678,-0.0006103609,5,5,0.6768,0,0,0,0,0,0,0,0,0,0,0,0,0,14,0
0,565,0.6787413,0.001262219,679.2,-0.0006103609,5,5,0.678,0,0,0,0,0,0,0,0,0,0,0,0,0,14,0
0,566,0.6796614,0.001271666,680.4,-0.0009155413,5,5,0.6792001,0,0,0,0,0,0,0,0,0,0,0,0,0,14,0
0,567,0.6815016,0.001287369,681.6,-0.0009155413,5,5,0.6804,0,0,0,0,0,0,0,0,0,0,0,0,0,14,0
0,568,0.6824217,0.001302827,682.8,-0.0009155413,5,5,0.6816,0,0,0,0,0,0,0,0,0,0,0,0,0,14,0
0,569,0.6836485,0.001314973,684,-0.0006103609,5,5,0.6828001,0,0,0,0,0,0,0,0,0,0,0,0,0,14,0
0,570,0.6848754,0.001329081,685.2,-0.0009155413,5,5,0.684,0,0,0,0,0,0,0,0,0,0,0,0,0,14,0
0,571,0.6861022,0.001341043,686.4,-0.0009155413,5,5,0.6852,0,0,0,0,0,0,0,0,0,0,0,0,0,14,0
0,572,0.6873291,0.001354722,687.6,-0.0006103609,5,5,0.6864001,0,0,0,0,0,0,0,0,0,0,0,0,0,14,0
0,573,0.6885558,0.001361653,688.8,-0.0006103609,5,5,0.6876,0,0,0,0,0,0,0,0,0,0,0,0,0,14,0
0,574,0.689476,0.001372266,690,-0.0009155413,5,5,0.6888,0,0,0,0,0,0,0,0,0,0,0,0,0,14,0
0,575,0.6907028,0.001386681,691.2,-0.0009155413,5,5,0.6900001,0,0,0,0,0,0,0,0,0,0,0,0,0,14,0
0,576,0.6919296,0.00139809,692.4,-0.0006103609,5,5,0.6912,0,0,0,0,0,0,0,0,0,0,0,0,0,14,0
0,577,0.6928498,0.001409438,693.6,-0.0006103609,5,5,0.6924,0,0,0,0,0,0,0,0,0,0,0,0,0,14,0
0,578,0.6940765,0.001424038,694.8,-0.0009155413,5,5,0.6936001,0,0,0,0,0,0,0,0,0,0,0,0,0,14,0
0,579,0.6956101,0.001431644,696,-0.0009155413,5,5,0.6948,0,0,0,0,0,0,0,0,0,0,0,0,0,14,0
0,580,0.6965302,0.001442747,697.2,-0.0006103609,5,5,0.696,0,0,0,0,0,0,0,0,0,0,0,0,0,14,0
0,581,0.6977571,0.001454524,698.4,-0.0009155413,5,5,0.6972001,0,0,0,0,0,0,0,0,0,0,0,0,0,14,0
0,582,0.6992906,0.001464645,699.6,-0.0006103609,5,5,0.6984,0,0,0,0,0,0,0,0,0,0,0,0,0,14,0
0,583,0.7008241,0.001472865,700.8,-0.0009155413,5,5,0.6996,0,0,0,0,0,0,0,0,0,0,0,0,0,14,0
0,584,0.7014375,0.001480656,702,-0.0006103609,5,5,0.7008001,0,0,0,0,0,0,0,0,0,0,0,0,0,14,0
0,585,0.7026643,0.00148771,703.2,-0.0006103609,5,5,0.702,0,0,0,0,0,0,0,0,0,0,0,0,0,14,0
0,586,0.7038912,0.001495378,704.4,-0.0009155413,5,5,0.7032,0,0,0,0,0,0,0,0,0,0,0,0,0,14,0
0,587,0.705118,0.001499119,705.6,-0.0009155413,5,5,0.7044001,0,0,0,0,0,0,0,0,0,0,0,0,0,14,0
0,588,0.7060381,0.001506971,706.8,-0.0006103609,5,5,0.7056,0,0,0,0,0,0,0,0,0,0,0,0,0,14,0
0,589,0.7078784,0.001515927,708,-0.0009155413,5,5,0.7068,0,0,0,0,0,0,0,0,0,0,0,0,0,14,0
0,590,0.7087985,0.001521264,709.2,-0.0009155413,5,5,0.708,0,0,0,0,0,0,0,0,0,0,0,0,0,14,0
0,591,0.7100253,0.001530894,710.4,-0.0006103609,5,5,0.7092,0,0,0,0,0,0,0,0,0,0,0,0,0,14,0
0,592,0.7112521,0.001537519,711.6,-0.0009155413,5,5,0.7104,0,0,0,0,0,0,0,0,0,0,0,0,0,14,0
0,593,0.7121723,0.001543837,712.8,-0.0006103609,5,5,0.7116,0,0,0,0,0,0,0,0,0,0,0,0,0,14,0
0,594,0.7137058,0.001551137,714,-0.0009155413,5,5,0.7128,0,0,0,0,0,0,0,0,0,0,0,0,0,14,0
0,595,0.7149326,0.001556657,715.2,-0.0009155413,5,5,0.714,0,0,0,0,0,0,0,0,0,0,0,0,0,14,0
0,596,0.7164661,0.001559172,716.4,-0.0006103609,5,5,0.7152,0,0,0,0,0,0,0,0,0,0,0,0,0,14,0
0,597,0.717693,0.001563957,717.6,-0.0009155413,5,5,0.7164,0,0,0,0,0,0,0,0,0,0,0,0,0,14,0
0,598,0.7183064,0.001566165,718.8,-0.0009155413,5,5,0.7176,0,0,0,0,0,0,0,0,0,0,0,0,0,14,0
0,599,0.7195332,0.001569539,720,-0.0006103609,5,5,0.7188,0,0,0,0,0,0,0,0,0,0,0,0,0,14,0
0,600,0.72076,0.001571134,721.2,-0.0009155413,5,5,0.72,0,0,0,0,0,0,0,0,0,0,0,0,0,14,0
0,601,0.7216802,0.001574508,722.4,-0.0006103609,5,5,0.7212,0,0,0,0,0,0,0,0,0,0,0,0,0,14,0
0,602,0.7232137,0.001578618,723.6,-0.0006103609,5,5,0.7224,0,0,0,0,0,0,0,0,0,0,0,0,0,14,0
0,603,0.7244405,0.001581439,724.8,-0.0009155413,5,5,0.7236,0,0,0,0,0,0,0,0,0,0,0,0,0,14,0
0,604,0.7256673,0.001581746,726,-0.0009155413,5,5,0.7257766,0,0,0,0,0,0,0,0,0,0,0,0,0,14,0
0,605,0.7262807,0.001586162,727.2,-0.0006103609,5,5,0.726,0,0,0,0,0,0,0,0,0,0,0,0,0,14,0
0,606,0.7278143,0.001586776,728.4,-0.0006103609,5,5,0.7272,0,0,0,0,0,0,0,0,0,0,0,0,0,14,0
0,607,0.7293478,0.00159015,729.6,-0.0009155413,5,5,0.7284001,0,0,0,0,0,0,0,0,0,0,0,0,0,14,0
0,608,0.7302679,0.001588432,730.8,-0.0006103609,5,5,0.7296,0,0,0,0,0,0,0,0,0,0,0,0,0,14,0
0,609,0.7314947,0.001586837,732,-0.0006103609,5,5,0.7308,0,0,0,0,0,0,0,0,0,0,0,0,0,14,0
0,610,0.7327216,0.001586776,733.2,-0.0006103609,5,5,0.7320001,0,0,0,0,0,0,0,0,0,0,0,0,0,14,0
0,611,0.7336417,0.001585672,734.4,-0.0006103609,5,5,0.7341766,0,0,0,0,0,0,0,0,0,0,0,0,0,14,0
0,612,0.7351752,0.001586592,735.6,-0.0009155413,5,5,0.7344,0,0,0,0,0,0,0,0,0,0,0,0,0,14,0
0,613,0.736402,0.0015842,736.8,-0.0009155413,5,5,0.7356001,0,0,0,0,0,0,0,0,0,0,0,0,0,14,0
0,614,0.7373222,0.001587451,738,-0.0006103609,5,5,0.7368,0,0,0,0,0,0,0,0,0,0,0,0,0,14,0
0,615,0.7388557,0.001583586,739.2,-0.0009155413,5,5,0.738,0,0,0,0,0,0,0,0,0,0,0,0,0,14,0
0,616,0.7400825,0.001583648,740.4,-0.0006103609,5,5,0.7392001,0,0,0,0,0,0,0,0,0,0,0,0,0,14,0
0,617,0.7413093,0.001579599,741.6,-0.0006103609,5,5,0.7404,0,0,0,0,0,0,0,0,0,0,0,0,0,14,0
0,618,0.7422295,0.001579599,742.8,-0.0009155413,5,5,0.7416,0,0,0,0,0,0,0,0,0,0,0,0,0,14,0
0,619,0.743763,0.001576839,744,-0.0006103609,5,5,0.7428001,0,0,0,0,0,0,0,0,0,0,0,0,0,14,0
0,620,0.7446831,0.001576532,745.2,-0.0009155413,5,5,0.744,0,0,0,0,0,0,0,0,0,0,0,0,0,14,0
0,621,0.7459099,0.001576287,746.4,-0.0006103609,5,5,0.7452,0,0,0,0,0,0,0,0,0,0,0,0,0,14,0
0,622,0.7474435,0.001575673,747.6,-0.0006103609,5,5,0.7464001,0,0,0,0,0,0,0,0,0,0,0,0,0,14,0
0,623,0.7483636,0.001571502,748.8,-0.0009155413,5,5,0.7476,0,0,0,0,0,0,0,0,0,0,0,0,0,14,0
0,624,0.7498971,0.00157052,750,-0.0009155413,5,5,0.7488,0,0,0,0,0,0,0,0,0,0,0,0,0,14,0
0,625,0.7505105,0.001567944,751.2,-0.0006103609,5,5,0.7500001,0,0,0,0,0,0,0,0,0,0,0,0,0,14,0
0,626,0.7520441,0.001567024,752.4,-0.0009155413,5,5,0.7512,0,0,0,0,0,0,0,0,0,0,0,0,0,14,0
0,627,0.7535776,0.001565613,753.6,-0.0009155413,5,5,0.7524,0,0,0,0,0,0,0,0,0,0,0,0,0,14,0
0,628,0.7538843,0.001562239,754.8,-0.0009155413,5,5,0.7536001,0,0,0,0,0,0,0,0,0,0,0,0,0,14,0
0,629,0.7551112,0.001563896,756,-0.0009155413,5,5,0.7548,0,0,0,0,0,0,0,0,0,0,0,0,0,14,0
0,630,0.7566447,0.001558498,757.2,-0.0006103609,5,5,0.756,0,0,0,0,0,0,0,0,0,0,0,0,0,14,0
0,631,0.7581782,0.001557393,758.4,-0.0006103609,5,5,0.7572001,0,0,0,0,0,0,0,0,0,0,0,0,0,14,0
0,632,0.7590983,0.001551995,759.6,-0.0006103609,5,5,0.7584,0,0,0,0,0,0,0,0,0,0,0,0,0,14,0
0,633,0.7603251,0.001551014,760.8,-0.0009155413,5,5,0.7596,0,0,0,0,0,0,0,0,0,0,0,0,0,14,0
0,634,0.761552,0.001548622,762,-0.0006103609,5,5,0.7608001,0,0,0,0,0,0,0,0,0,0,0,0,0,14,0
0,635,0.7627788,0.001546413,763.2,-0.0006103609,5,5,0.762,0,0,0,0,0,0,0,0,0,0,0,0,0,14,0
0,636,0.7640056,0.001542917,764.4,-0.0006103609,5,5,0.7632,0,0,0,0,0,0,0,0,0,0,0,0,0,14,0
0,637,0.7655392,0.001541751,765.6,-0.0009155413,5,5,0.7644001,0,0,0,0,0,0,0,0,0,0,0,0,0,14,0
0,638,0.7661526,0.001537642,766.8,-0.0006103609,5,5,0.7656,0,0,0,0,0,0,0,0,0,0,0,0,0,14,0
0,639,0.7676861,0.001534881,768,-0.0006103609,5,5,0.7668,0,0,0,0,0,0,0,0,0,0,0,0,0,14,0
0,640,0.7686062,0.001529176,769.2,-0.0006103609,5,5,0.768,0,0,0,0,0,0,0,0,0,0,0,0,0,14,0
0,641,0.7701398,0.001528931,770.4,-0.0006103609,5,5,0.7692,0,0,0,0,0,0,0,0,0,0,0,0,0,14,0
0,642,0.7716733,0.001523226,771.6,-0.0009155413,5,5,0.7704,0,0,0,0,0,0,0,0,0,0,0,0,0,14,0
0,643,0.7722867,0.001523901,772.8,-0.0009155413,5,5,0.7716,0,0,0,0,0,0,0,0,0,0,0,0,0,14,0
0,644,0.7735135,0.00151838,774,-0.0006103609,5,5,0.7728,0,0,0,0,0,0,0,0,0,0,0,0,0,14,0
0,645,0.7753537,0.00151697,775.2,-0.0006103609,5,5,0.774,0,0,0,0,0,0,0,0,0,0,0,0,0,14,0
0,646,0.7756605,0.001512001,776.4,-0.0006103609,5,5,0.7752,0,0,0,0,0,0,0,0,0,0,0,0,0,14,0
0,647,0.7775007,0.001510038,777.6,-0.0006103609,5,5,0.7764,0,0,0,0,0,0,0,0,0,0,0,0,0,14,0
0,648,0.7790342,0.001509057,778.8,-0.0009155413,5,5,0.7776,0,0,0,0,0,0,0,0,0,0,0,0,0,14,0
0,649,0.7796476,0.001504579,780,-0.0006103609,5,5,0.7788,0,0,0,0,0,0,0,0,0,0,0,0,0,14,0
0,650,0.7805678,0.00150372,781.2,-0.0009155413,5,5,0.78,0,0,0,0,0,0,0,0,0,0,0,0,0,14,0
0,651,0.7821013,0.001499181,782.4,-0.0009155413,5,5,0.7812001,0,0,0,0,0,0,0,0,0,0,0,0,0,14,0
0,652,0.7827147,0.001498629,783.6,-0.0006103609,5,5,0.7824,0,0,0,0,0,0,0,0,0,0,0,0,0,14,0
0,653,0.784555,0.001494151,784.8,-0.0009155413,5,5,0.7836,0,0,0,0,0,0,0,0,0,0,0,0,0,14,0
0,654,0.7851683,0.001490164,786,-0.0006103609,5,5,0.7848001,0,0,0,0,0,0,0,0,0,0,0,0,0,14,0
0,655,0.7867019,0.001489427,787.2,-0.0009155413,5,5,0.786,0,0,0,0,0,0,0,0,0,0,0,0,0,14,0
0,656,0.7882354,0.001488262,788.4,-0.0009155413,5,5,0.7872,0,0,0,0,0,0,0,0,0,0,0,0,0,14,0
0,657,0.7891555,0.001484275,789.6,-0.0006103609,5,5,0.7884001,0,0,0,0,0,0,0,0,0,0,0,0,0,14,0
0,658,0.7903824,0.001487587,790.8,-0.0006103609,5,5,0.7896,0,0,0,0,0,0,0,0,0,0,0,0,0,14,0
0,659,0.7913025,0.001479367,792,-0.0006103609,5,5,0.7908,0,0,0,0,0,0,0,0,0,0,0,0,0,14,0
0,660,0.792836,0.001479919,793.2,-0.0009155413,5,5,0.7920001,0,0,0,0,0,0,0,0,0,0,0,0,0,14,0
0,661,0.7940629,0.001477159,794.4,-0.0006103609,5,5,0.7932,0,0,0,0,0,0,0,0,0,0,0,0,0,14,0
0,662,0.794983,0.001472068,795.6,-0.0006103609,5,5,0.7944,0,0,0,0,0,0,0,0,0,0,0,0,0,14,0
0,663,0.7962098,0.001472374,796.8,-0.0009155413,5,5,0.7956001,0,0,0,0,0,0,0,0,0,0,0,0,0,14,0
0,664,0.7974366,0.001465995,798,-0.0006103609,5,5,0.7968,0,0,0,0,0,0,0,0,0,0,0,0,0,14,0
0,665,0.7986634,0.001463419,799.2,-0.0006103609,5,5,0.798,0,0,0,0,0,0,0,0,0,0,0,0,0,14,0
0,666,0.8001969,0.001462621,800.4,-0.0006103609,5,5,0.7992001,0,0,0,0,0,0,0,0,0,0,0,0,0,14,0
0,667,0.8011171,0.001461762,801.6,-0.0006103609,5,5,0.8004,0,0,0,0,0,0,0,0,0,0,0,0,0,14,0
0,668,0.8023439,0.001455874,802.8,-0.0009155413,5,5,0.8016,0,0,0,0,0,0,0,0,0,0,0,0,0,14,0
0,669,0.8035707,0.001454402,804,-0.0006103609,5,5,0.8028001,0,0,0,0,0,0,0,0,0,0,0,0,0,14,0
0,670,0.8047975,0.00145115,805.2,-0.0006103609,5,5,0.804,0,0,0,0,0,0,0,0,0,0,0,0,0,14,0
0,671,0.8060244,0.001451457,806.4,-0.0006103609,5,5,0.8052,0,0,0,0,0,0,0,0,0,0,0,0,0,14,0
0,672,0.8075579,0.00144612,807.6,-0.0009155413,5,5,0.8064001,0,0,0,0,0,0,0,0,0,0,0,0,0,14,0
0,673,0.8081713,0.00144244,808.8,-0.0009155413,5,5,0.8076,0,0,0,0,0,0,0,0,0,0,0,0,0,14,0
0,674,0.8093982,0.00143968,810,-0.0009155413,5,5,0.8088,0,0,0,0,0,0,0,0,0,0,0,0,0,14,0
0,675,0.8109317,0.001437717,811.2,-0.0009155413,5,5,0.8100001,0,0,0,0,0,0,0,0,0,0,0,0,0,14,0
0,676,0.8118518,0.001434834,812.4,-0.0006103609,5,5,0.8112,0,0,0,0,0,0,0,0,0,0,0,0,0,14,0
0,677,0.8130786,0.001433361,813.6,-0.0009155413,5,5,0.8124,0,0,0,0,0,0,0,0,0,0,0,0,0,14,0
0,678,0.8146122,0.001426368,814.8,-0.0009155413,5,5,0.8136001,0,0,0,0,0,0,0,0,0,0,0,0,0,14,0
0,679,0.815839,0.00142735,816,-0.0006103609,5,5,0.8148,0,0,0,0,0,0,0,0,0,0,0,0,0,14,0
0,680,0.8167591,0.001423976,817.2,-0.0006103609,5,5,0.816,0,0,0,0,0,0,0,0,0,0,0,0,0,14,0
0,681,0.817986,0.00142005,818.4,-0.0006103609,5,5,0.8172001,0,0,0,0,0,0,0,0,0,0,0,0,0,14,0
0,682,0.8192127,0.001417842,819.6,-0.0009155413,5,5,0.8184,0,0,0,0,0,0,0,0,0,0,0,0,0,14,0
0,683,0.8204396,0.001418701,820.8,-0.0006103609,5,5,0.8196,0,0,0,0,0,0,0,0,0,0,0,0,0,14,0
0,684,0.8213597,0.001416799,822,-0.0009155413,5,5,0.8208001,0,0,0,0,0,0,0,0,0,0,0,0,0,14,0
0,685,0.8228932,0.001415572,823.2,-0.0009155413,5,5,0.822,0,0,0,0,0,0,0,0,0,0,0,0,0,14,0
0,686,0.82412,0.001416493,824.4,-0.0006103609,5,5,0.8232,0,0,0,0,0,0,0,0,0,0,0,0,0,14,0
0,687,0.8253469,0.001412015,825.6,-0.0009155413,5,5,0.8244001,0,0,0,0,0,0,0,0,0,0,0,0,0,14,0
0,688,0.8265737,0.001410726,826.8,-0.0006103609,5,5,0.8256,0,0,0,0,0,0,0,0,0,0,0,0,0,14,0
0,689,0.8278005,0.001407107,828,-0.0009155413,5,5,0.8268,0,0,0,0,0,0,0,0,0,0,0,0,0,14,0
0,690,0.8287206,0.001406371,829.2,-0.0009155413,5,5,0.8280001,0,0,0,0,0,0,0,0,0,0,0,0,0,14,0
0,691,0.8302542,0.001405451,830.4,-0.0006103609,5,5,0.8292,0,0,0,0,0,0,0,0,0,0,0,0,0,14,0
0,692,0.8308676,0.001402875,831.6,-0.0006103609,5,5,0.8304,0,0,0,0,0,0,0,0,0,0,0,0,0,14,0
0,693,0.8327078,0.001400667,832.8,-0.0006103609,5,5,0.8316,0,0,0,0,0,0,0,0,0,0,0,0,0,14,0
0,694,0.8333213,0.001398949,834,-0.0006103609,5,5,0.8328,0,0,0,0,0,0,0,0,0,0,0,0,0,14,0
0,695,0.8348548,0.001396127,835.2,-0.0006103609,5,5,0.8340001,0,0,0,0,0,0,0,0,0,0,0,0,0,14,0
0,696,0.8363883,0.001395514,836.4,-0.0006103609,5,5,0.8352,0,0,0,0,0,0,0,0,0,0,0,0,0,14,0
0,697,0.8373084,0.001394348,837.6,-0.0009155413,5,5,0.8364,0,0,0,0,0,0,0,0,0,0,0,0,0,14,0
0,698,0.8382285,0.001392201,838.8,-0.0006103609,5,5,0.8376001,0,0,0,0,0,0,0,0,0,0,0,0,0,14,0
0,699,0.8394554,0.001389502,840,-0.0009155413,5,5,0.8388,0,0,0,0,0,0,0,0,0,0,0,0,0,14,0
0,700,0.8406822,0.001383491,841.2,-0.0009155413,5,5,0.84,0,0,0,0,0,0,0,0,0,0,0,0,0,14,0
0,701,0.8425224,0.001386435,842.4,-0.0009155413,5,5,0.8412001,0,0,0,0,0,0,0,0,0,0,0,0,0,14,0
0,702,0.8431358,0.001386435,843.6,-0.0009155413,5,5,0.8424,0,0,0,0,0,0,0,0,0,0,0,0,0,14,0
0,703,0.844056,0.001384472,844.8,-0.0006103609,5,5,0.8436,0,0,0,0,0,0,0,0,0,0,0,0,0,14,0
0,704,0.8455895,0.001386006,846,-0.0006103609,5,5,0.8448001,0,0,0,0,0,0,0,0,0,0,0,0,0,14,0
0,705,0.8465096,0.001386619,847.2,-0.0009155413,5,5,0.846,0,0,0,0,0,0,0,0,0,0,0,0,0,14,0
0,706,0.8477364,0.001383,848.4,-0.0006103609,5,5,0.8472,0,0,0,0,0,0,0,0,0,0,0,0,0,14,0
0,707,0.84927,0.001386497,849.6,-0.0009155413,5,5,0.8484001,0,0,0,0,0,0,0,0,0,0,0,0,0,14,0
0,708,0.8504968,0.001382878,850.8,-0.0006103609,5,5,0.8496,0,0,0,0,0,0,0,0,0,0,0,0,0,14,0
0,709,0.8514169,0.001380056,852,-0.0006103609,5,5,0.8508,0,0,0,0,0,0,0,0,0,0,0,0,0,14,0
0,710,0.8526437,0.001378093,853.2,-0.0009155413,5,5,0.8520001,0,0,0,0,0,0,0,0,0,0,0,0,0,14,0
0,711,0.8541773,0.00137613,854.4,-0.0006103609,5,5,0.8532,0,0,0,0,0,0,0,0,0,0,0,0,0,14,0
0,712,0.8550974,0.001372511,855.6,-0.0006103609,5,5,0.8544,0,0,0,0,0,0,0,0,0,0,0,0,0,14,0
0,713,0.8566309,0.00137386,856.8,-0.0006103609,5,5,0.8556001,0,0,0,0,0,0,0,0,0,0,0,0,0,14,0
0,714,0.8578578,0.001373063,858,-0.0006103609,5,5,0.8568,0,0,0,0,0,0,0,0,0,0,0,0,0,14,0
0,715,0.8590846,0.001368953,859.2,-0.0006103609,5,5,0.858,0,0,0,0,0,0,0,0,0,0,0,0,0,14,0
0,716,0.8600047,0.00136926,860.4,-0.0006103609,5,5,0.8592001,0,0,0,0,0,0,0,0,0,0,0,0,0,14,0
0,717,0.8612315,0.001366377,861.6,-0.0009155413,5,5,0.8604,0,0,0,0,0,0,0,0,0,0,0,0,0,14,0
0,718,0.8624583,0.00136423,862.8,-0.0006103609,5,5,0.8616,0,0,0,0,0,0,0,0,0,0,0,0,0,14,0
0,719,0.8636852,0.001364353,864,-0.0009155413,5,5,0.8628001,0,0,0,0,0,0,0,0,0,0,0,0,0,14,0
0,720,0.8646053,0.00136423,865.2,-0.0009155413,5,5,0.864,0,0,0,0,0,0,0,0,0,0,0,0,0,14,0
0,721,0.8661388,0.001362512,866.4,-0.0006103609,5,5,0.8652,0,0,0,0,0,0,0,0,0,0,0,0,0,14,0
0,722,0.8670589,0.001361347,867.6,-0.0006103609,5,5,0.8664001,0,0,0,0,0,0,0,0,0,0,0,0,0,14,0
0,723,0.8682858,0.001360059,868.8,-0.0006103609,5,5,0.8676,0,0,0,0,0,0,0,0,0,0,0,0,0,14,0
0,724,0.8698193,0.001360795,870,-0.0009155413,5,5,0.8688,0,0,0,0,0,0,0,0,0,0,0,0,0,14,0
0,725,0.8704327,0.00136147,871.2,-0.0006103609,5,5,0.8700001,0,0,0,0,0,0,0,0,0,0,0,0,0,14,0
0,726,0.8719662,0.00136147,872.4,-0.0006103609,5,5,0.8712,0,0,0,0,0,0,0,0,0,0,0,0,0,14,0
0,727,0.8731931,0.001359752,873.6,-0.0006103609,5,5,0.8724,0,0,0,0,0,0,0,0,0,0,0,0,0,14,0
0,728,0.8744199,0.001360243,874.8,-0.0009155413,5,5,0.8736001,0,0,0,0,0,0,0,0,0,0,0,0,0,14,0
0,729,0.8759534,0.001357912,876,-0.0009155413,5,5,0.8748,0,0,0,0,0,0,0,0,0,0,0,0,0,14,0
0,730,0.8768736,0.001359936,877.2,-0.0009155413,5,5,0.876,0,0,0,0,0,0,0,0,0,0,0,0,0,14,0
0,731,0.8781004,0.001358157,878.4,-0.0009155413,5,5,0.8772001,0,0,0,0,0,0,0,0,0,0,0,0,0,14,0
0,732,0.8793272,0.00135828,879.6,-0.0006103609,5,5,0.8784,0,0,0,0,0,0,0,0,0,0,0,0,0,14,0
0,733,0.8802473,0.001355151,880.8,-0.0009155413,5,5,0.8796,0,0,0,0,0,0,0,0,0,0,0,0,0,14,0
0,734,0.8817809,0.001355765,882,-0.0009155413,5,5,0.8808001,0,0,0,0,0,0,0,0,0,0,0,0,0,14,0
0,735,0.8823943,0.001354722,883.2,-0.0006103609,5,5,0.882,0,0,0,0,0,0,0,0,0,0,0,0,0,14,0
0,736,0.8842345,0.001354354,884.4,-0.0006103609,5,5,0.8832,0,0,0,0,0,0,0,0,0,0,0,0,0,14,0
0,737,0.8854613,0.001349937,885.6,-0.0009155413,5,5,0.8844001,0,0,0,0,0,0,0,0,0,0,0,0,0,14,0
0,738,0.8863814,0.001351778,886.8,-0.0006103609,5,5,0.8856,0,0,0,0,0,0,0,0,0,0,0,0,0,14,0
0,739,0.8873016,0.001349385,888,-0.0006103609,5,5,0.8868001,0,0,0,0,0,0,0,0,0,0,0,0,0,14,0
0,740,0.8891418,0.001351594,889.2,-0.0009155413,5,5,0.8880001,0,0,0,0,0,0,0,0,0,0,0,0,0,14,0
0,741,0.8897552,0.001351716,890.4,-0.0006103609,5,5,0.8892,0,0,0,0,0,0,0,0,0,0,0,0,0,14,0
0,742,0.890982,0.001350244,891.6,-0.0006103609,5,5,0.8904001,0,0,0,0,0,0,0,0,0,0,0,0,0,14,0
0,743,0.8919021,0.001346502,892.8,-0.0006103609,5,5,0.8916,0,0,0,0,0,0,0,0,0,0,0,0,0,14,0
0,744,0.8934357,0.001350857,894,-0.0003051804,5,5,0.8928,0,0,0,0,0,0,0,0,0,0,0,0,0,14,0
0,745,0.8949692,0.001350857,895.2,-0.0009155413,5,5,0.8940001,0,0,0,0,0,0,0,0,0,0,0,0,0,14,0
0,746,0.8961961,0.001350612,896.4,-0.0009155413,5,5,0.8952,0,0,0,0,0,0,0,0,0,0,0,0,0,14,0
0,747,0.8971162,0.001352023,897.6,-0.0006103609,5,5,0.8964,0,0,0,0,0,0,0,0,0,0,0,0,0,14,0
0,748,0.8980363,0.001349692,898.8,-0.0009155413,5,5,0.8976001,0,0,0,0,0,0,0,0,0,0,0,0,0,14,0
0,749,0.8995698,0.001349815,900,-0.0006103609,5,5,0.8988,0,0,0,0,0,0,0,0,0,0,0,0,0,14,0
0,750,0.9004899,0.001349569,901.2,-0.0006103609,5,5,0.9,0,0,0,0,0,0,0,0,0,0,0,0,0,14,0
0,751,0.9020235,0.001350183,902.4,-0.0006103609,5,5,0.9012001,0,0,0,0,0,0,0,0,0,0,0,0,0,14,0
0,752,0.9032503,0.001349937,903.6,-0.0009155413,5,5,0.9024,0,0,0,0,0,0,0,0,0,0,0,0,0,14,0
0,753,0.9041704,0.001348097,904.8,-0.0006103609,5,5,0.9036,0,0,0,0,0,0,0,0,0,0,0,0,0,14,0
0,754,0.905704,0.001346502,906,-0.0009155413,5,5,0.9048001,0,0,0,0,0,0,0,0,0,0,0,0,0,14,0
0,755,0.9066241,0.00134638,907.2,-0.0009155413,5,5,0.906,0,0,0,0,0,0,0,0,0,0,0,0,0,14,0
0,756,0.9078509,0.001345827,908.4,-0.0006103609,5,5,0.9072,0,0,0,0,0,0,0,0,0,0,0,0,0,14,0
0,757,0.9090777,0.001345091,909.6,-0.0009155413,5,5,0.9084001,0,0,0,0,0,0,0,0,0,0,0,0,0,14,0
0,758,0.9099978,0.001344294,910.8,-0.0006103609,5,5,0.9096,0,0,0,0,0,0,0,0,0,0,0,0,0,14,0
0,759,0.9115314,0.001345582,912,-0.0009155413,5,5,0.9108,0,0,0,0,0,0,0,0,0,0,0,0,0,14,0
0,760,0.9127582,0.001344355,913.2,-0.0009155413,5,5,0.9120001,0,0,0,0,0,0,0,0,0,0,0,0,0,14,0
0,761,0.9136783,0.001343312,914.4,-0.0003051804,5,5,0.9132,0,0,0,0,0,0,0,0,0,0,0,0,0,14,0
0,762,0.9149051,0.001342699,915.6,-0.0009155413,5,5,0.9144,0,0,0,0,0,0,0,0,0,0,0,0,0,14,0
0,763,0.9158252,0.001341656,916.8,-0.0009155413,5,5,0.9156001,0,0,0,0,0,0,0,0,0,0,0,0,0,14,0
0,764,0.9179722,0.001342944,918,-0.0006103609,5,5,0.9168,0,0,0,0,0,0,0,0,0,0,0,0,0,14,0
0,765,0.9185856,0.00134092,919.2,-0.0006103609,5,5,0.918,0,0,0,0,0,0,0,0,0,0,0,0,0,14,0
0,766,0.9198124,0.001341656,920.4,-0.0006103609,5,5,0.9192001,0,0,0,0,0,0,0,0,0,0,0,0,0,14,0
0,767,0.9210393,0.001338528,921.6,-0.0009155413,5,5,0.9204,0,0,0,0,0,0,0,0,0,0,0,0,0,14,0
0,768,0.9222661,0.001339816,922.8,-0.0009155413,5,5,0.9216,0,0,0,0,0,0,0,0,0,0,0,0,0,14,0
0,769,0.9234929,0.001336136,924,-0.0009155413,5,5,0.9228001,0,0,0,0,0,0,0,0,0,0,0,0,0,14,0
0,770,0.9247198,0.001336688,925.2,-0.0009155413,5,5,0.924,0,0,0,0,0,0,0,0,0,0,0,0,0,14,0
0,771,0.9256399,0.001334847,926.4,-0.0006103609,5,5,0.9252,0,0,0,0,0,0,0,0,0,0,0,0,0,14,0
0,772,0.9271734,0.001334909,927.6,-0.0009155413,5,5,0.9264001,0,0,0,0,0,0,0,0,0,0,0,0,0,14,0
0,773,0.9287069,0.001332332,928.8,-0.0006103609,5,5,0.9276,0,0,0,0,0,0,0,0,0,0,0,0,0,14,0
0,774,0.9290136,0.001327302,930,-0.0006103609,5,5,0.9288,0,0,0,0,0,0,0,0,0,0,0,0,0,14,0
0,775,0.9305472,0.00132718,931.2,-0.0006103609,5,5,0.9300001,0,0,0,0,0,0,0,0,0,0,0,0,0,14,0
0,776,0.9314673,0.001329572,932.4,-0.0006103609,5,5,0.9312,0,0,0,0,0,0,0,0,0,0,0,0,0,14,0
0,777,0.9330008,0.001326321,933.6,-0.0006103609,5,5,0.9324,0,0,0,0,0,0,0,0,0,0,0,0,0,14,0
0,778,0.9342276,0.001326321,934.8,-0.0009155413,5,5,0.9336001,0,0,0,0,0,0,0,0,0,0,0,0,0,14,0
0,779,0.9354544,0.001327302,936,-0.0006103609,5,5,0.9348,0,0,0,0,0,0,0,0,0,0,0,0,0,14,0
0,780,0.9363746,0.00132902,937.2,-0.0009155413,5,5,0.936,0,0,0,0,0,0,0,0,0,0,0,0,0,14,0
0,781,0.9376014,0.001328345,938.4,-0.0006103609,5,5,0.9372001,0,0,0,0,0,0,0,0,0,0,0,0,0,14,0
0,782,0.9385215,0.001329572,939.6,-0.0006103609,5,5,0.9384,0,0,0,0,0,0,0,0,0,0,0,0,0,14,0
0,783,0.9403617,0.001327977,940.8,-0.0009155413,5,5,0.9396001,0,0,0,0,0,0,0,0,0,0,0,0,0,14,0
0,784,0.9412819,0.001329695,942,-0.0006103609,5,5,0.9408001,0,0,0,0,0,0,0,0,0,0,0,0,0,14,0
0,785,0.9428154,0.001331106,943.2,-0.0009155413,5,5,0.942,0,0,0,0,0,0,0,0,0,0,0,0,0,14,0
0,786,0.9440422,0.001329388,944.4,-0.0006103609,5,5,0.9432001,0,0,0,0,0,0,0,0,0,0,0,0,0,14,0
0,787,0.9455758,0.001332455,945.6,-0.0006103609,5,5,0.9444001,0,0,0,0,0,0,0,0,0,0,0,0,0,14,0
0,788,0.9464959,0.001325646,946.8,-0.0009155413,5,5,0.9456,0,0,0,0,0,0,0,0,0,0,0,0,0,14,0
0,789,0.9477227,0.001324726,948,-0.0006103609,5,5,0.9468001,0,0,0,0,0,0,0,0,0,0,0,0,0,14,0
0,790,0.9483361,0.001322211,949.2,-0.0009155413,5,5,0.9480001,0,0,0,0,0,0,0,0,0,0,0,0,0,14,0
0,791,0.9498696,0.001323683,950.4,-0.0009155413,5,5,0.9492,0,0,0,0,0,0,0,0,0,0,0,0,0,14,0
0,792,0.9517099,0.001320064,951.6,-0.0009155413,5,5,0.9504001,0,0,0,0,0,0,0,0,0,0,0,0,0,14,0
0,793,0.95263,0.00132215,952.8,-0.0006103609,5,5,0.9516001,0,0,0,0,0,0,0,0,0,0,0,0,0,14,0
0,794,0.9535502,0.001320187,954,-0.0006103609,5,5,0.9528,0,0,0,0,0,0,0,0,0,0,0,0,0,14,0
0,795,0.9541636,0.001321843,955.2,-0.0003051804,5,5,0.9540001,0,0,0,0,0,0,0,0,0,0,0,0,0,14,0
0,796,0.9556971,0.001322027,956.4,-0.0006103609,5,5,0.9552,0,0,0,0,0,0,0,0,0,0,0,0,0,14,0
0,797,0.9569239,0.0013208,957.6,-0.0006103609,5,5,0.9564,0,0,0,0,0,0,0,0,0,0,0,0,0,14,0
0,798,0.9584574,0.001321291,958.8,-0.0006103609,5,5,0.9576001,0,0,0,0,0,0,0,0,0,0,0,0,0,14,0
0,799,0.9593775,0.001320371,960,-0.0009155413,5,5,0.9588,0,0,0,0,0,0,0,0,0,0,0,0,0,14,0
0,800,0.9602976,0.00132264,961.2,-0.0006103609,5,5,0.96,0,0,0,0,0,0,0,0,0,0,0,0,0,14,0
0,801,0.9621379,0.001321536,962.4,-0.0009155413,5,5,0.9612001,0,0,0,0,0,0,0,0,0,0,0,0,0,14,0
0,802,0.9630581,0.00132307,963.6,-0.0009155413,5,5,0.9624,0,0,0,0,0,0,0,0,0,0,0,0,0,14,0
0,803,0.9645916,0.001323438,964.8,-0.0006103609,5,5,0.9636,0,0,0,0,0,0,0,0,0,0,0,0,0,14,0
0,804,0.9658184,0.001321598,966,-0.0009155413,5,5,0.9648001,0,0,0,0,0,0,0,0,0,0,0,0,0,14,0
0,805,0.9667385,0.001324419,967.2,-0.0006103609,5,5,0.966,0,0,0,0,0,0,0,0,0,0,0,0,0,14,0
0,806,0.9679653,0.001321168,968.4,-0.0006103609,5,5,0.9672,0,0,0,0,0,0,0,0,0,0,0,0,0,14,0
0,807,0.9688854,0.001318285,969.6,-0.0009155413,5,5,0.9684001,0,0,0,0,0,0,0,0,0,0,0,0,0,14,0
0,808,0.9707257,0.001319635,970.8,-0.0006103609,5,5,0.9696,0,0,0,0,0,0,0,0,0,0,0,0,0,14,0
0,809,0.9713391,0.001318592,972,-0.0006103609,5,5,0.9708,0,0,0,0,0,0,0,0,0,0,0,0,0,14,0
0,810,0.9731793,0.001319267,973.2,-0.0006103609,5,5,0.9720001,0,0,0,0,0,0,0,0,0,0,0,0,0,14,0
0,811,0.9740995,0.001316752,974.4,-0.0006103609,5,5,0.9732,0,0,0,0,0,0,0,0,0,0,0,0,0,14,0
0,812,0.9753263,0.001318592,975.6,-0.0009155413,5,5,0.9744,0,0,0,0,0,0,0,0,0,0,0,0,0,14,0
0,813,0.9762464,0.001316261,976.8,-0.0009155413,5,5,0.9756001,0,0,0,0,0,0,0,0,0,0,0,0,0,14,0
0,814,0.9771665,0.001317672,978,-0.0006103609,5,5,0.9768,0,0,0,0,0,0,0,0,0,0,0,0,0,14,0
0,815,0.9790068,0.001315709,979.2,-0.0009155413,5,5,0.978,0,0,0,0,0,0,0,0,0,0,0,0,0,14,0
0,816,0.9799269,0.001318224,980.4,-0.0006103609,5,5,0.9792001,0,0,0,0,0,0,0,0,0,0,0,0,0,14,0
0,817,0.9814604,0.001316445,981.6,-0.0006103609,5,5,0.9804,0,0,0,0,0,0,0,0,0,0,0,0,0,14,0
0,818,0.9826872,0.001317794,982.8,-0.0009155413,5,5,0.9816,0,0,0,0,0,0,0,0,0,0,0,0,0,14,0
0,819,0.9833006,0.001315586,984,-0.0006103609,5,5,0.9828001,0,0,0,0,0,0,0,0,0,0,0,0,0,14,0
0,820,0.9845275,0.001315095,985.2,-0.0006103609,5,5,0.984,0,0,0,0,0,0,0,0,0,0,0,0,0,14,0
0,821,0.9863677,0.001312274,986.4,-0.0009155413,5,5,0.9852,0,0,0,0,0,0,0,0,0,0,0,0,0,14,0
0,822,0.9872878,0.00131209,987.6,-0.0006103609,5,5,0.9864001,0,0,0,0,0,0,0,0,0,0,0,0,0,14,0
0,823,0.9882079,0.00131393,988.8,-0.001220722,5,5,0.9876,0,0,0,0,0,0,0,0,0,0,0,0,0,14,0
0,824,0.9894348,0.001312949,990,-0.0009155413,5,5,0.9888,0,0,0,0,0,0,0,0,0,0,0,0,0,14,0
0,825,0.9909683,0.001313501,991.2,-0.0009155413,5,5,0.9900001,0,0,0,0,0,0,0,0,0,0,0,0,0,14,0
0,826,0.9921951,0.001311844,992.4,-0.0009155413,5,5,0.9912,0,0,0,0,0,0,0,0,0,0,0,0,0,14,0
0,827,0.9931152,0.001312642,993.6,-0.0006103609,5,5,0.9924001,0,0,0,0,0,0,0,0,0,0,0,0,0,14,0
0,828,0.9943421,0.001311599,994.8,-0.0006103609,5,5,0.9936001,0,0,0,0,0,0,0,0,0,0,0,0,0,14,0
0,829,0.9952622,0.001311783,996,-0.0006103609,5,5,0.9948,0,0,0,0,0,0,0,0,0,0,0,0,0,14,0
0,830,0.9967957,0.001310863,997.2,-0.0006103609,5,5,0.9960001,0,0,0,0,0,0,0,0,0,0,0,0,0,14,0
0,831,0.9974092,0.001311415,998.4,-0.0006103609,5,5,0.9972001,0,0,0,0,0,0,0,0,0,0,0,0,0,14,0
0,832,0.9992494,0.001311231,999.6,-0.0009155413,5,5,0.9984,0,0,0,0,0,0,0,0,0,0,0,0,0,14,0
0,833,1.000783,0.001312458,1000.8,-0.0009155413,5,5,0.9996001,0,0,0,0,0,0,0,0,0,0,0,0,0,14,0
0,834,1.001396,0.001311354,1002,-0.0006103609,5,5,1.0008,0,0,0,0,0,0,0,0,0,0,0,0,0,14,0
0,835,1.002623,0.001314482,1003.2,-0.0006103609,5,5,1.002,0,0,0,0,0,0,0,0,0,0,0,0,0,14,0
0,836,1.00385,0.001313317,1004.4,-0.0009155413,5,5,1.0032,0,0,0,0,0,0,0,0,0,0,0,0,0,14,0
0,837,1.004463,0.001310863,1005.6,-0.0006103609,5,5,1.0044,0,0,0,0,0,0,0,0,0,0,0,0,0,14,0
0,838,1.006304,0.00131166,1006.8,-0.0006103609,5,5,1.0056,0,0,0,0,0,0,0,0,0,0,0,0,0,14,0
0,839,1.00753,0.001313133,1008,-0.0009155413,5,5,1.0068,0,0,0,0,0,0,0,0,0,0,0,0,0,14,0
0,840,1.008451,0.001313133,1009.2,-0.0006103609,5,5,1.008,0,0,0,0,0,0,0,0,0,0,0,0,0,14,0
0,841,1.009371,0.001312028,1010.4,-0.0006103609,5,5,1.0092,0,0,0,0,0,0,0,0,0,0,0,0,0,14,0
0,842,1.011518,0.001310556,1011.6,-0.0006103609,5,5,1.0104,0,0,0,0,0,0,0,0,0,0,0,0,0,14,0
0,843,1.012131,0.001311476,1012.8,-0.0009155413,5,5,1.0116,0,0,0,0,0,0,0,0,0,0,0,0,0,14,0
0,844,1.013358,0.001313439,1014,-0.0006103609,5,5,1.0128,0,0,0,0,0,0,0,0,0,0,0,0,0,14,0
0,845,1.014891,0.001313869,1015.2,-0.0006103609,5,5,1.014,0,0,0,0,0,0,0,0,0,0,0,0,0,14,0
0,846,1.015505,0.001313991,1016.4,-0.0006103609,5,5,1.0152,0,0,0,0,0,0,0,0,0,0,0,0,0,14,0
0,847,1.017345,0.001314114,1017.6,-0.0009155413,5,5,1.0164,0,0,0,0,0,0,0,0,0,0,0,0,0,14,0
0,848,1.018265,0.001314359,1018.8,-0.0006103609,5,5,1.0176,0,0,0,0,0,0,0,0,0,0,0,0,0,14,0
0,849,1.019185,0.001313255,1020,-0.0006103609,5,5,1.0188,0,0,0,0,0,0,0,0,0,0,0,0,0,14,0
0,850,1.020719,0.001315218,1021.2,-0.0009155413,5,5,1.02,0,0,0,0,0,0,0,0,0,0,0,0,0,14,0
0,851,1.021946,0.001315157,1022.4,-0.0009155413,5,5,1.0212,0,0,0,0,0,0,0,0,0,0,0,0,0,14,0
0,852,1.022866,0.001314973,1023.6,-0.0006103609,5,5,1.0224,0,0,0,0,0,0,0,0,0,0,0,0,0,14,0
0,853,1.024093,0.001315341,1024.8,-0.0009155413,5,5,1.0236,0,0,0,0,0,0,0,0,0,0,0,0,0,14,0
0,854,1.025319,0.001315034,1026,-0.0006103609,5,5,1.0248,0,0,0,0,0,0,0,0,0,0,0,0,0,14,0
0,855,1.026853,0.001311967,1027.2,-0.0006103609,5,5,1.026,0,0,0,0,0,0,0,0,0,0,0,0,0,14,0
0,856,1.027466,0.001313071,1028.4,-0.0006103609,5,5,1.0272,0,0,0,0,0,0,0,0,0,0,0,0,0,14,0
0,857,1.029,0.001314482,1029.6,-0.0006103609,5,5,1.0284,0,0,0,0,0,0,0,0,0,0,0,0,0,14,0
0,858,1.02992,0.00131393,1030.8,-0.0009155413,5,5,1.0296,0,0,0,0,0,0,0,0,0,0,0,0,0,14,0
0,859,1.031453,0.001313501,1032,-0.0006103609,5,5,1.0308,0,0,0,0,0,0,0,0,0,0,0,0,0,14,0
0,860,1.032987,0.001313501,1033.2,-0.0006103609,5,5,1.032,0,0,0,0,0,0,0,0,0,0,0,0,0,14,0
0,861,1.0336,0.001311844,1034.4,-0.0006103609,5,5,1.0332,0,0,0,0,0,0,0,0,0,0,0,0,0,14,0
0,862,1.035134,0.001313746,1035.6,-0.0006103609,5,5,1.0344,0,0,0,0,0,0,0,0,0,0,0,0,0,14,0
0,863,1.036361,0.001314666,1036.8,-0.0009155413,5,5,1.0356,0,0,0,0,0,0,0,0,0,0,0,0,0,14,0
0,864,1.036974,0.001313194,1038,-0.0006103609,5,5,1.0368,0,0,0,0,0,0,0,0,0,0,0,0,0,14,0
0,865,1.038508,0.001311231,1039.2,-0.0006103609,5,5,1.038,0,0,0,0,0,0,0,0,0,0,0,0,0,14,0
0,866,1.040041,0.00131258,1040.4,-0.0009155413,5,5,1.0392,0,0,0,0,0,0,0,0,0,0,0,0,0,14,0
0,867,1.041268,0.001313869,1041.6,-0.0006103609,5,5,1.0404,0,0,0,0,0,0,0,0,0,0,0,0,0,14,0
0,868,1.041882,0.001314298,1042.8,-0.0009155413,5,5,1.0416,0,0,0,0,0,0,0,0,0,0,0,0,0,14,0
0,869,1.043415,0.00131669,1044,-0.0009155413,5,5,1.0428,0,0,0,0,0,0,0,0,0,0,0,0,0,14,0
0,870,1.044642,0.00131577,1045.2,-0.0009155413,5,5,1.044,0,0,0,0,0,0,0,0,0,0,0,0,0,14,0
0,871,1.045869,0.001314973,1046.4,-0.0009155413,5,5,1.0452,0,0,0,0,0,0,0,0,0,0,0,0,0,14,0
0,872,1.047096,0.001310924,1047.6,-0.0009155413,5,5,1.0464,0,0,0,0,0,0,0,0,0,0,0,0,0,14,0
0,873,1.047709,0.001313194,1048.8,-0.0009155413,5,5,1.0476,0,0,0,0,0,0,0,0,0,0,0,0,0,14,0
0,874,1.049549,0.001314973,1050,-0.0006103609,5,5,1.0488,0,0,0,0,0,0,0,0,0,0,0,0,0,14,0
0,875,1.050776,0.001317304,1051.2,-0.0006103609,5,5,1.05,0,0,0,0,0,0,0,0,0,0,0,0,0,14,0
0,876,1.051696,0.00131166,1052.4,-0.0006103609,5,5,1.0512,0,0,0,0,0,0,0,0,0,0,0,0,0,14,0
0,877,1.052923,0.001313991,1053.6,-0.0009155413,5,5,1.0524,0,0,0,0,0,0,0,0,0,0,0,0,0,14,0
0,878,1.054456,0.001311476,1054.8,-0.0006103609,5,5,1.0536,0,0,0,0,0,0,0,0,0,0,0,0,0,14,0
0,879,1.055377,0.00131393,1056,-0.0006103609,5,5,1.0548,0,0,0,0,0,0,0,0,0,0,0,0,0,14,0
0,880,1.056297,0.001310986,1057.2,-0.0006103609,5,5,1.056,0,0,0,0,0,0,0,0,0,0,0,0,0,14,0
0,881,1.05783,0.001313133,1058.4,-0.0006103609,5,5,1.0572,0,0,0,0,0,0,0,0,0,0,0,0,0,14,0
0,882,1.05875,0.001313317,1059.6,-0.0006103609,5,5,1.0584,0,0,0,0,0,0,0,0,0,0,0,0,0,14,0
0,883,1.060284,0.001310924,1060.8,-0.0009155413,5,5,1.0596,0,0,0,0,0,0,0,0,0,0,0,0,0,14,0
0,884,1.061511,0.001311476,1062,-0.0009155413,5,5,1.0608,0,0,0,0,0,0,0,0,0,0,0,0,0,14,0
0,885,1.062738,0.001307121,1063.2,-0.0006103609,5,5,1.062,0,0,0,0,0,0,0,0,0,0,0,0,0,14,0
0,886,1.063351,0.001310311,1064.4,-0.0009155413,5,5,1.0632,0,0,0,0,0,0,0,0,0,0,0,0,0,14,0
0,887,1.065805,0.001310311,1065.6,-0.0009155413,5,5,1.0644,0,0,0,0,0,0,0,0,0,0,0,0,0,14,0
0,888,1.066111,0.001309513,1066.8,-0.0006103609,5,5,1.0656,0,0,0,0,0,0,0,0,0,0,0,0,0,14,0
0,889,1.067338,0.001312642,1068,-0.0006103609,5,5,1.0668,0,0,0,0,0,0,0,0,0,0,0,0,0,14,0
0,890,1.068872,0.001311415,1069.2,-0.0006103609,5,5,1.068,0,0,0,0,0,0,0,0,0,0,0,0,0,14,0
0,891,1.069792,0.001310433,1070.4,-0.0009155413,5,5,1.0692,0,0,0,0,0,0,0,0,0,0,0,0,0,14,0
0,892,1.071019,0.001313439,1071.6,-0.0006103609,5,5,1.0704,0,0,0,0,0,0,0,0,0,0,0,0,0,14,0
0,893,1.072245,0.001313685,1072.8,-0.0006103609,5,5,1.0716,0,0,0,0,0,0,0,0,0,0,0,0,0,14,0
0,894,1.073779,0.001313562,1074,-0.0006103609,5,5,1.0728,0,0,0,0,0,0,0,0,0,0,0,0,0,14,0
0,895,1.075006,0.00131209,1075.2,-0.0009155413,5,5,1.074,0,0,0,0,0,0,0,0,0,0,0,0,0,14,0
0,896,1.075926,0.001312642,1076.4,-0.0006103609,5,5,1.0752,0,0,0,0,0,0,0,0,0,0,0,0,0,14,0
0,897,1.076846,0.00131393,1077.6,-0.0006103609,5,5,1.0764,0,0,0,0,0,0,0,0,0,0,0,0,0,14,0
0,898,1.078073,0.001312826,1078.8,-0.0006103609,5,5,1.0776,0,0,0,0,0,0,0,0,0,0,0,0,0,14,0
0,899,1.079606,0.001311783,1080,-0.0006103609,5,5,1.0788,0,0,0,0,0,0,0,0,0,0,0,0,0,14,0
0,900,1.08022,0.001314543,1081.2,-0.0006103609,5,5,1.08,0,0,0,0,0,0,0,0,0,0,0,0,0,14,0
</Segment1>

<Graph1>
Analysis=0
Type=Unknown
ExternalDataAxis=1
ExternalDataName=
Y2AxisSmoothing=None
YAxisSmoothing=None
XAxisSmoothing=None
Y2AxisReferenceElectrode=(unspecified)
YAxisReferenceElectrode=(unspecified)
XAxisReferenceElectrode=(unspecified)
Y2AxisMath=
YAxisMath=
XAxisMath=
LockAspectRatio=False
Grid=True
Legend=False
GraphTitle=
Y2DataColor=-16744448
GridColor=-10039894
BackgroundColor=-1
SelectionColor=-65536
AnalysisColor=-4565549
DataSymbolSize=2
DataSymbolColor=-12490271
DataSymbolType=Circle
DataSymbol=False
DataLineColor=-12490271
DataLine=True
Y2AxisManualScaleMax=
Y2AxisManualScaleMin=
Y2AxisManualAdjustment=False
Y2AxisNormalizeToMass=False
Y2AxisNormalizeWithArea=False
Y2AxisNegateValues=False
Y2AxisScientificLabels=False
Y2AxisReverse=False
Y2AxisLog=False
Y2AxisName=Potential (V)
Y2AxisType=Potential (V)
Y2Axis=False
YAxisManualScaleMax=
YAxisManualScaleMin=
YAxisManualAdjustment=False
YAxisNormalizeToMass=False
YAxisNormalizeWithArea=False
YAxisNegateValues=False
YAxisScientificLabels=False
YAxisReverse=False
YAxisLog=False
YAxisName=Current (A)
YAxisType=Current (A)
XAxisManualScaleMax=
XAxisManualScaleMin=
XAxisManualAdjustment=False
XAxisNormalizeToMass=False
XAxisNormalizeWithArea=False
XAxisNegateValues=False
XAxisScientificLabels=False
XAxisReverse=False
XAxisLog=False
XAxisName=Potential (V)
XAxisType=Potential (V)
Height=309
Width=977
LocY=25
LocX=1
</Graph1>

<DockingLayout>
<?xml version="1.0" encoding="utf-16"?>
<!--DockPanel configuration file. Author: Weifen Luo, all rights reserved.-->
<!--!!! AUTOMATICALLY GENERATED FILE. DO NOT MODIFY !!!-->
<DockPanel FormatVersion="1.0" DockLeftPortion="0.25" DockRightPortion="0.23515625" DockTopPortion="0.25" DockBottomPortion="0.25" ActiveDocumentPane="1" ActivePane="1">
  <Contents Count="3">
    <Content ID="0" PersistString="PowerSTAT.DataView" AutoHidePortion="0.23515625" IsHidden="False" IsFloat="False" />
    <Content ID="1" PersistString="PowerSTAT.DataBrowser" AutoHidePortion="0.25" IsHidden="False" IsFloat="False" />
    <Content ID="2" PersistString="PowerSTAT.Graph" AutoHidePortion="0.25" IsHidden="False" IsFloat="False" />
  </Contents>
  <Panes Count="3">
    <Pane ID="0" DockState="DockRight" ActiveContent="0">
      <Contents Count="1">
        <Content ID="0" RefID="0" />
      </Contents>
    </Pane>
    <Pane ID="1" DockState="Document" ActiveContent="1">
      <Contents Count="1">
        <Content ID="0" RefID="1" />
      </Contents>
    </Pane>
    <Pane ID="2" DockState="Document" ActiveContent="2">
      <Contents Count="1">
        <Content ID="0" RefID="2" />
      </Contents>
    </Pane>
  </Panes>
  <DockWindows>
    <DockWindow ID="0" DockState="Document" ZOrderIndex="0">
      <NestedPanes Count="2">
        <Pane ID="0" RefID="1" PrevPane="-1" Alignment="Right" Proportion="0.5" />
        <Pane ID="1" RefID="2" PrevPane="1" Alignment="Top" Proportion="0.5" />
      </NestedPanes>
    </DockWindow>
    <DockWindow ID="1" DockState="DockLeft" ZOrderIndex="2">
      <NestedPanes Count="0" />
    </DockWindow>
    <DockWindow ID="2" DockState="DockRight" ZOrderIndex="1">
      <NestedPanes Count="1">
        <Pane ID="0" RefID="0" PrevPane="-1" Alignment="Bottom" Proportion="0.5" />
      </NestedPanes>
    </DockWindow>
    <DockWindow ID="3" DockState="DockTop" ZOrderIndex="3">
      <NestedPanes Count="0" />
    </DockWindow>
    <DockWindow ID="4" DockState="DockBottom" ZOrderIndex="4">
      <NestedPanes Count="0" />
    </DockWindow>
  </DockWindows>
  <FloatWindows Count="0" />
</DockPanel>
</DockingLayout>
