BE/eV	PE: 20.0 eV
470.0	19120.0
469.9	19185.0
469.79999999999995	18963.0
469.70000000000005	18836.0
469.6	19113.0
469.5	19047.0
469.4	19025.0
469.29999999999995	18926.0
469.20000000000005	18858.0
469.1	18868.0
469.0	18854.0
468.9	19087.0
468.79999999999995	18797.0
468.70000000000005	18613.0
468.6	18858.0
468.5	18737.0
468.4	18878.0
468.29999999999995	18783.0
468.20000000000005	18746.0
468.1	18813.0
468.0	18714.0
467.9	18762.0
467.79999999999995	18783.0
467.70000000000005	18777.0
467.6	18726.0
467.5	18683.0
467.4	18645.0
467.29999999999995	18820.0
467.20000000000005	18644.0
467.1	18630.0
467.0	18631.0
466.9	18756.0
466.79999999999995	18678.0
466.70000000000005	18718.0
466.6	18780.0
466.5	18858.0
466.4	18862.0
466.29999999999995	18839.0
466.20000000000005	18736.0
466.1	18904.0
466.0	18959.0
465.9	19061.0
465.79999999999995	19305.0
465.70000000000005	19216.0
465.6	19181.0
465.5	19454.0
465.4	19604.0
465.29999999999995	19666.0
465.20000000000005	20016.0
465.1	20175.0
465.0	20089.0
464.9	20470.0
464.79999999999995	20760.0
464.70000000000005	20610.0
464.6	20555.0
464.5	20382.0
464.4	20647.0
464.29999999999995	20647.0
464.20000000000005	20831.0
464.1	20667.0
464.0	20607.0
463.9	20659.0
463.79999999999995	20878.0
463.70000000000005	20651.0
463.6	20590.0
463.5	20608.0
463.4	20744.0
463.29999999999995	20664.0
463.20000000000005	20685.0
463.1	20694.0
463.0	20780.0
462.9	21026.0
462.79999999999995	21125.0
462.70000000000005	21274.0
462.5999999999999	21637.0
462.5	21864.0
462.4000000000001	21877.0
462.29999999999995	22286.0
462.20000000000005	22313.0
462.0999999999999	22615.0
462.0	22469.0
461.9000000000001	23044.0
461.79999999999995	23018.0
461.70000000000005	23595.0
461.5999999999999	23515.0
461.5	23988.0
461.4000000000001	24067.0
461.29999999999995	24418.0
461.20000000000005	24634.0
461.0999999999999	24662.0
461.0	24995.0
460.9000000000001	24951.0
460.79999999999995	24643.0
460.70000000000005	25086.0
460.5999999999999	25221.0
460.5	25053.0
460.4000000000001	24837.0
460.29999999999995	24244.0
460.20000000000005	23959.0
460.0999999999999	23336.0
460.0	22943.0
459.9000000000001	22433.0
459.79999999999995	21919.0
459.70000000000005	21822.0
459.5999999999999	21815.0
459.5	21918.0
459.4000000000001	22127.0
459.29999999999995	22829.0
459.20000000000005	23164.0
459.0999999999999	23708.0
459.0	24592.0
458.9000000000001	25366.0
458.79999999999995	25531.0
458.70000000000005	25740.0
458.5999999999999	25831.0
458.5	25736.0
458.4000000000001	25464.0
458.29999999999995	24871.0
458.20000000000005	23902.0
458.0999999999999	23113.0
458.0	22268.0
457.9000000000001	21643.0
457.79999999999995	21419.0
457.70000000000005	20893.0
457.5999999999999	20611.0
457.5	20549.0
457.4000000000001	20506.0
457.29999999999995	20867.0
457.20000000000005	21054.0
457.0999999999999	21180.0
457.0	21551.0
456.9000000000001	22251.0
456.79999999999995	22603.0
456.70000000000005	23158.0
456.5999999999999	23539.0
456.5	23984.0
456.4000000000001	24427.0
456.29999999999995	25041.0
456.20000000000005	25741.0
456.0999999999999	26377.0
456.0	26843.0
455.9000000000001	27501.0
455.79999999999995	28059.0
455.70000000000005	28625.0
455.5999999999999	29394.0
455.5	29472.0
455.4000000000001	30337.0
455.29999999999995	30711.0
455.20000000000005	31212.0
455.0999999999999	31557.0
455.0	31977.0
454.9000000000001	32152.0
454.79999999999995	32402.0
454.70000000000005	32154.0
454.5999999999999	31890.0
454.5	31434.0
454.4000000000001	30893.0
454.29999999999995	30153.0
454.20000000000005	28802.0
454.0999999999999	26429.0
454.0	23064.0
453.9000000000001	19633.0
453.79999999999995	16888.0
453.70000000000005	15025.0
453.5999999999999	13894.0
453.5	13188.0
453.4000000000001	12763.0
453.29999999999995	12574.0
453.20000000000005	12392.0
453.0999999999999	12416.0
453.0	12366.0
452.9000000000001	12138.0
452.79999999999995	12067.0
452.70000000000005	12092.0
452.5999999999999	12020.0
452.5	11880.0
452.4000000000001	11736.0
452.29999999999995	11947.0
452.20000000000005	11853.0
452.0999999999999	11840.0
452.0	11828.0
451.9000000000001	11817.0
451.79999999999995	11860.0
451.70000000000005	11815.0
451.5999999999999	11681.0
451.5	11820.0
451.4000000000001	11704.0
451.29999999999995	11545.0
451.20000000000005	11808.0
451.0999999999999	11609.0
451.0	11585.0
450.9000000000001	11605.0
450.79999999999995	11570.0
450.70000000000005	11642.0
450.5999999999999	11634.0
450.5	11736.0
450.4000000000001	11614.0
450.29999999999995	11660.0
450.20000000000005	11682.0
450.0999999999999	11652.0
450.0	11529.0
