BE/eV	PE: 20.0 eV
470.0	15744.0
469.9	16026.0
469.79999999999995	15860.0
469.70000000000005	15909.0
469.6	15831.0
469.5	15872.0
469.4	15860.0
469.29999999999995	15731.0
469.20000000000005	15882.0
469.1	15871.0
469.0	15956.0
468.9	15789.0
468.79999999999995	15820.0
468.70000000000005	15964.0
468.6	15834.0
468.5	15757.0
468.4	15865.0
468.29999999999995	15972.0
468.20000000000005	15817.0
468.1	15526.0
468.0	15675.0
467.9	15703.0
467.79999999999995	15684.0
467.70000000000005	15580.0
467.6	15702.0
467.5	15775.0
467.4	15599.0
467.29999999999995	15498.0
467.20000000000005	15558.0
467.1	15670.0
467.0	15555.0
466.9	15565.0
466.79999999999995	15433.0
466.70000000000005	15466.0
466.6	15532.0
466.5	15514.0
466.4	15437.0
466.29999999999995	15371.0
466.20000000000005	15530.0
466.1	15476.0
466.0	15522.0
465.9	15389.0
465.79999999999995	15490.0
465.70000000000005	15575.0
465.6	15466.0
465.5	15541.0
465.4	15319.0
465.29999999999995	15556.0
465.20000000000005	15413.0
465.1	15460.0
465.0	15581.0
464.9	15413.0
464.79999999999995	15460.0
464.70000000000005	15645.0
464.6	15718.0
464.5	15836.0
464.4	15505.0
464.29999999999995	15527.0
464.20000000000005	15941.0
464.1	15977.0
464.0	15995.0
463.9	16029.0
463.79999999999995	16033.0
463.70000000000005	16293.0
463.6	16329.0
463.5	16472.0
463.4	16614.0
463.29999999999995	16601.0
463.20000000000005	16704.0
463.1	16714.0
463.0	17055.0
462.9	17363.0
462.79999999999995	17496.0
462.70000000000005	17588.0
462.5999999999999	18012.0
462.5	18049.0
462.4000000000001	18411.0
462.29999999999995	18657.0
462.20000000000005	18532.0
462.0999999999999	18916.0
462.0	19038.0
461.9000000000001	19234.0
461.79999999999995	19406.0
461.70000000000005	19295.0
461.5999999999999	19673.0
461.5	19888.0
461.4000000000001	20075.0
461.29999999999995	20153.0
461.20000000000005	20247.0
461.0999999999999	20497.0
461.0	20689.0
460.9000000000001	20789.0
460.79999999999995	20709.0
460.70000000000005	20471.0
460.5999999999999	20324.0
460.5	20062.0
460.4000000000001	20044.0
460.29999999999995	19451.0
460.20000000000005	18988.0
460.0999999999999	18407.0
460.0	18005.0
459.9000000000001	17731.0
459.79999999999995	17235.0
459.70000000000005	16738.0
459.5999999999999	16532.0
459.5	16505.0
459.4000000000001	16408.0
459.29999999999995	16305.0
459.20000000000005	16165.0
459.0999999999999	16169.0
459.0	16205.0
458.9000000000001	16041.0
458.79999999999995	16050.0
458.70000000000005	16257.0
458.5999999999999	16004.0
458.5	16193.0
458.4000000000001	16354.0
458.29999999999995	16139.0
458.20000000000005	16283.0
458.0999999999999	16365.0
458.0	16574.0
457.9000000000001	16465.0
457.79999999999995	16574.0
457.70000000000005	16615.0
457.5999999999999	17010.0
457.5	17063.0
457.4000000000001	17191.0
457.29999999999995	17873.0
457.20000000000005	18029.0
457.0999999999999	18433.0
457.0	18966.0
456.9000000000001	19283.0
456.79999999999995	19552.0
456.70000000000005	20163.0
456.5999999999999	20730.0
456.5	20878.0
456.4000000000001	21550.0
456.29999999999995	21968.0
456.20000000000005	22470.0
456.0999999999999	22802.0
456.0	23160.0
455.9000000000001	23901.0
455.79999999999995	24322.0
455.70000000000005	24770.0
455.5999999999999	25372.0
455.5	25397.0
455.4000000000001	25870.0
455.29999999999995	26196.0
455.20000000000005	26298.0
455.0999999999999	26706.0
455.0	26821.0
454.9000000000001	26918.0
454.79999999999995	26785.0
454.70000000000005	26416.0
454.5999999999999	26044.0
454.5	25831.0
454.4000000000001	24860.0
454.29999999999995	23890.0
454.20000000000005	21809.0
454.0999999999999	19243.0
454.0	16348.0
453.9000000000001	14368.0
453.79999999999995	13215.0
453.70000000000005	12433.0
453.5999999999999	11984.0
453.5	11717.0
453.4000000000001	11550.0
453.29999999999995	11641.0
453.20000000000005	11444.0
453.0999999999999	11454.0
453.0	11337.0
452.9000000000001	11405.0
452.79999999999995	11154.0
452.70000000000005	11101.0
452.5999999999999	11133.0
452.5	11071.0
452.4000000000001	11072.0
452.29999999999995	10885.0
452.20000000000005	11000.0
452.0999999999999	10949.0
452.0	10917.0
451.9000000000001	11053.0
451.79999999999995	11118.0
451.70000000000005	11021.0
451.5999999999999	11002.0
451.5	10903.0
451.4000000000001	10847.0
451.29999999999995	10836.0
451.20000000000005	10924.0
451.0999999999999	10955.0
451.0	10889.0
450.9000000000001	10910.0
450.79999999999995	10842.0
450.70000000000005	10895.0
450.5999999999999	10979.0
450.5	10977.0
450.4000000000001	10825.0
450.29999999999995	10851.0
450.20000000000005	10769.0
450.0999999999999	10863.0
450.0	10773.0
